||        dataset |  restricciones |          score |         n_iter |           n_ls |      n_iter_ls |        time(s) |% pop collapsed ||
||           iris |    ml_0_cl_100 |         84.951 |            2.6 |           52.0 |          301.0 |          2.484 |          100.0 ||
||           iris |     ml_0_cl_50 |         83.999 |            3.8 |           76.0 |          376.8 |           2.41 |          100.0 ||
||           iris |    ml_100_cl_0 |         86.688 |            2.4 |           48.0 |          240.0 |          1.451 |          100.0 ||
||           iris |    ml_25_cl_25 |          82.36 |            2.6 |           52.0 |          316.2 |          1.945 |          100.0 ||
||           iris |     ml_50_cl_0 |         84.964 |            2.2 |           44.0 |          284.6 |          1.597 |          100.0 ||
||           iris |    ml_50_cl_50 |         85.577 |            1.6 |           32.0 |          204.8 |          1.426 |          100.0 ||
||           wine |    ml_0_cl_100 |    3109961.404 |            1.8 |           36.0 |          238.0 |          2.015 |          100.0 ||
||           wine |     ml_0_cl_50 |    2761939.542 |            0.4 |            8.0 |          172.2 |          1.137 |          100.0 ||
||           wine |    ml_100_cl_0 |    4201469.548 |            3.6 |           72.0 |          345.2 |          2.377 |          100.0 ||
||           wine |    ml_25_cl_25 |    3148745.281 |            1.4 |           28.0 |          295.6 |          1.988 |          100.0 ||
||           wine |     ml_50_cl_0 |    3485077.386 |            4.2 |           84.0 |          469.4 |           3.03 |          100.0 ||
||           wine |    ml_50_cl_50 |    3823771.429 |            2.0 |           40.0 |          248.8 |          1.938 |          100.0 ||
||  connectionist |    ml_0_cl_100 |         327.37 |            4.0 |           80.0 |          451.2 |          2.314 |          100.0 ||
||  connectionist |     ml_0_cl_50 |        302.615 |            3.8 |           76.0 |          533.8 |          2.338 |          100.0 ||
||  connectionist |    ml_100_cl_0 |        327.779 |            7.8 |          156.0 |          786.0 |          3.883 |          100.0 ||
||  connectionist |    ml_25_cl_25 |        302.198 |            5.2 |          104.0 |          614.6 |           2.77 |          100.0 ||
||  connectionist |     ml_50_cl_0 |        301.432 |            6.0 |          120.0 |          710.6 |          3.141 |          100.0 ||
||  connectionist |    ml_50_cl_50 |        327.247 |            5.2 |          104.0 |          607.0 |          3.031 |          100.0 ||
||          seeds |    ml_0_cl_100 |        628.161 |            1.4 |           28.0 |          218.4 |          1.927 |          100.0 ||
||          seeds |     ml_0_cl_50 |        608.447 |            2.8 |           56.0 |          385.6 |          3.073 |          100.0 ||
||          seeds |    ml_100_cl_0 |        643.788 |            1.8 |           36.0 |          303.8 |          2.315 |          100.0 ||
||          seeds |    ml_25_cl_25 |         607.86 |            3.2 |           64.0 |          417.4 |          3.283 |          100.0 ||
||          seeds |     ml_50_cl_0 |        619.504 |            3.2 |           64.0 |          424.6 |          3.102 |          100.0 ||
||          seeds |    ml_50_cl_50 |        637.782 |            0.6 |           12.0 |          168.2 |          1.414 |          100.0 ||
||          heart |    ml_0_cl_100 |       3339.144 |            8.8 |          176.0 |         1005.8 |           6.56 |          100.0 ||
||          heart |    ml_0_cl_150 |       3361.286 |            7.6 |          152.0 |          804.8 |          6.081 |          100.0 ||
||          heart |    ml_100_cl_0 |       3335.621 |           11.0 |          220.0 |         1257.8 |          7.972 |          100.0 ||
||          heart |    ml_150_cl_0 |       3353.373 |            7.4 |          148.0 |          971.2 |          6.575 |          100.0 ||
||          heart |    ml_50_cl_50 |       3337.322 |            7.2 |          144.0 |          945.0 |          6.109 |          100.0 ||
||          heart |    ml_75_cl_75 |       3356.429 |            6.2 |          124.0 |          732.2 |          5.359 |          100.0 ||
||      vertebral |    ml_0_cl_100 |     537228.397 |            1.0 |           20.0 |          151.8 |          0.994 |          100.0 ||
||      vertebral |    ml_0_cl_150 |     565726.405 |            0.0 |            0.0 |           87.2 |          0.584 |          100.0 ||
||      vertebral |    ml_100_cl_0 |     548801.198 |            4.4 |           88.0 |          427.8 |           2.87 |          100.0 ||
||      vertebral |    ml_150_cl_0 |     588742.883 |            3.2 |           64.0 |          341.8 |          2.476 |          100.0 ||
||      vertebral |    ml_50_cl_50 |     535161.339 |            0.8 |           16.0 |          156.8 |          1.013 |          100.0 ||
||      vertebral |    ml_75_cl_75 |     581543.538 |            1.0 |           20.0 |          158.6 |          1.161 |          100.0 ||
||      computers |    ml_0_cl_150 |     317640.705 |            7.6 |          152.0 |         1069.6 |         13.503 |          100.0 ||
||      computers |    ml_0_cl_250 |     324718.764 |            8.0 |          160.0 |          940.4 |         13.045 |          100.0 ||
||      computers |  ml_125_cl_125 |     324411.328 |            8.4 |          168.0 |         1013.0 |         13.775 |          100.0 ||
||      computers |    ml_150_cl_0 |     317175.717 |            8.6 |          172.0 |         1459.2 |         17.941 |          100.0 ||
||      computers |    ml_250_cl_0 |     323038.482 |           10.0 |          200.0 |         1254.4 |         15.787 |          100.0 ||
||      computers |    ml_75_cl_75 |     317314.242 |            7.0 |          140.0 |         1035.6 |         12.824 |          100.0 ||
||           gene |    ml_0_cl_200 |    17802378.98 |            6.0 |          120.0 |          750.4 |        242.613 |          100.0 ||
||           gene |    ml_0_cl_400 |   17807053.853 |            5.8 |          116.0 |          674.2 |        224.917 |          100.0 ||
||           gene |  ml_100_cl_100 |   17812884.436 |            5.4 |          108.0 |          606.8 |        201.605 |          100.0 ||
||           gene |    ml_200_cl_0 |   17807622.887 |            5.8 |          116.0 |          567.0 |        195.954 |          100.0 ||
||           gene |  ml_200_cl_200 |   17809579.596 |            4.8 |           96.0 |          517.8 |        178.305 |          100.0 ||
||           gene |    ml_400_cl_0 |   17811344.271 |            4.8 |           96.0 |          446.0 |         164.71 |          100.0 ||
||movement-libras |    ml_0_cl_100 |        311.131 |           20.0 |          400.0 |         1914.6 |         96.429 |          100.0 ||
||movement-libras |    ml_0_cl_150 |        314.493 |           20.6 |          412.0 |         1948.2 |        108.924 |          100.0 ||
||movement-libras |    ml_100_cl_0 |        417.246 |           18.2 |          364.0 |         1627.4 |         74.452 |          100.0 ||
||movement-libras |    ml_150_cl_0 |        479.877 |           19.4 |          388.0 |         1644.8 |         78.455 |          100.0 ||
||movement-libras |    ml_50_cl_50 |        371.976 |           23.0 |          460.0 |         2122.8 |        105.159 |          100.0 ||
||movement-libras |    ml_75_cl_75 |        397.019 |           21.2 |          424.0 |         1848.0 |         99.472 |          100.0 ||
||       toxicity |    ml_0_cl_100 |5845976810552229.0 |            0.0 |            0.0 |           79.2 |          0.427 |          100.0 ||
||       toxicity |     ml_0_cl_50 |5371181449462844.0 |            0.0 |            0.0 |           80.6 |          0.372 |          100.0 ||
||       toxicity |    ml_100_cl_0 |3752124315694239.0 |            2.0 |           40.0 |          210.8 |           1.21 |          100.0 ||
||       toxicity |    ml_25_cl_25 |5206382849411462.0 |            2.6 |           52.0 |          217.8 |          1.215 |          100.0 ||
||       toxicity |     ml_50_cl_0 |3624350034858881.5 |            0.8 |           16.0 |          176.4 |          0.854 |          100.0 ||
||       toxicity |    ml_50_cl_50 |5754504017375858.0 |            2.0 |           40.0 |          185.4 |          1.106 |          100.0 ||
||        ECG5000 |    ml_0_cl_150 |      11667.772 |           13.6 |          272.0 |         1620.0 |         43.831 |          100.0 ||
||        ECG5000 |    ml_0_cl_250 |      11768.432 |           10.6 |          212.0 |         1461.8 |         44.703 |          100.0 ||
||        ECG5000 |  ml_125_cl_125 |      12999.633 |           11.2 |          224.0 |         1342.0 |         39.796 |          100.0 ||
||        ECG5000 |    ml_150_cl_0 |      13233.823 |            9.4 |          188.0 |         1170.4 |         28.806 |          100.0 ||
||        ECG5000 |    ml_250_cl_0 |      14067.073 |           10.6 |          212.0 |         1146.4 |         30.148 |          100.0 ||
||        ECG5000 |    ml_75_cl_75 |      12671.297 |           11.0 |          220.0 |         1356.6 |         36.276 |          100.0 ||
||          ecoli |    ml_0_cl_100 |         13.953 |           14.2 |          284.0 |         1775.8 |         47.014 |          100.0 ||
||          ecoli |    ml_0_cl_150 |         14.137 |           11.4 |          228.0 |         1537.8 |         45.627 |          100.0 ||
||          ecoli |    ml_100_cl_0 |         16.748 |           13.2 |          264.0 |         1375.8 |         33.465 |          100.0 ||
||          ecoli |    ml_150_cl_0 |         17.232 |           13.6 |          272.0 |         1267.4 |          32.72 |          100.0 ||
||          ecoli |    ml_50_cl_50 |         15.359 |           11.4 |          228.0 |         1366.8 |         35.418 |          100.0 ||
||          ecoli |    ml_75_cl_75 |          16.32 |           12.8 |          256.0 |         1418.8 |         40.446 |          100.0 ||
||          glass |    ml_0_cl_100 |         77.574 |            9.4 |          188.0 |          956.2 |         14.812 |          100.0 ||
||          glass |     ml_0_cl_50 |         76.116 |           10.2 |          204.0 |         1020.6 |         13.576 |          100.0 ||
||          glass |    ml_100_cl_0 |        110.487 |           11.4 |          228.0 |          968.8 |         12.678 |          100.0 ||
||          glass |    ml_25_cl_25 |          84.12 |           11.4 |          228.0 |         1082.2 |         13.956 |          100.0 ||
||          glass |     ml_50_cl_0 |         96.733 |           14.4 |          288.0 |         1284.2 |         15.536 |          100.0 ||
||          glass |    ml_50_cl_50 |         99.463 |           13.2 |          264.0 |         1232.0 |         17.944 |          100.0 ||
||         accent |    ml_0_cl_100 |      18884.919 |            9.2 |          184.0 |         1267.8 |          25.17 |          100.0 ||
||         accent |    ml_0_cl_150 |      19123.392 |           10.4 |          208.0 |         1255.0 |         28.358 |          100.0 ||
||         accent |    ml_100_cl_0 |      36351.248 |           12.8 |          256.0 |         1421.8 |         25.939 |          100.0 ||
||         accent |    ml_150_cl_0 |      41666.642 |           10.8 |          216.0 |         1263.6 |           24.9 |          100.0 ||
||         accent |    ml_50_cl_50 |      28931.026 |           12.0 |          240.0 |         1467.2 |         28.896 |          100.0 ||
||         accent |    ml_75_cl_75 |      32316.649 |           12.2 |          244.0 |         1402.8 |         30.694 |          100.0 ||
