||        dataset |  restricciones |          score |         n_iter |           n_ls |      n_iter_ls |        time(s) |% pop collapsed ||
||        dataset |  restricciones |          score |         n_iter |           n_ls |      n_iter_ls |        time(s) |% pop collapsed ||
||           iris |    ml_0_cl_100 |         84.951 |            2.0 |           42.0 |          305.0 |          2.273 |          100.0 ||
||           iris |     ml_0_cl_50 |         83.999 |            2.6 |           54.6 |          376.8 |          2.463 |          100.0 ||
||           iris |    ml_100_cl_0 |         86.688 |            2.6 |           54.6 |          305.0 |          1.769 |          100.0 ||
||           iris |    ml_25_cl_25 |          82.36 |            2.4 |           50.4 |          373.0 |          2.388 |          100.0 ||
||           iris |     ml_50_cl_0 |         84.964 |            2.2 |           46.2 |          335.2 |            1.9 |          100.0 ||
||           iris |    ml_50_cl_50 |         85.577 |            1.0 |           21.0 |          219.8 |           1.51 |          100.0 ||
||           wine |    ml_0_cl_100 |    3109961.404 |            1.6 |           33.6 |          285.0 |          2.363 |          100.0 ||
||           wine |     ml_0_cl_50 |    2761939.542 |            0.6 |           12.6 |          230.0 |          1.652 |          100.0 ||
||           wine |    ml_100_cl_0 |    4201469.548 |            4.0 |           84.0 |          460.8 |          3.087 |           80.0 ||
||           wine |    ml_25_cl_25 |    3148745.281 |            1.8 |           37.8 |          379.8 |           2.82 |          100.0 ||
||           wine |     ml_50_cl_0 |    3485077.386 |            4.6 |           96.6 |          600.8 |          3.967 |           80.0 ||
||           wine |    ml_50_cl_50 |    3823771.429 |            1.6 |           33.6 |          290.0 |          2.244 |          100.0 ||
||  connectionist |    ml_0_cl_100 |         327.37 |            3.6 |           75.6 |          533.6 |          2.891 |          100.0 ||
||  connectionist |     ml_0_cl_50 |        302.615 |            3.0 |           63.0 |          578.6 |          2.688 |          100.0 ||
||  connectionist |    ml_100_cl_0 |        327.779 |            5.6 |          117.6 |          759.2 |          3.771 |           80.0 ||
||  connectionist |    ml_25_cl_25 |        302.198 |            5.2 |          109.2 |          768.0 |          3.653 |           80.0 ||
||  connectionist |     ml_50_cl_0 |        301.432 |            5.4 |          113.4 |          821.0 |          3.799 |           80.0 ||
||  connectionist |    ml_50_cl_50 |        327.247 |            4.8 |          100.8 |          701.0 |          3.663 |           40.0 ||
||          seeds |    ml_0_cl_100 |        628.161 |            1.6 |           33.6 |          288.4 |          2.593 |           80.0 ||
||          seeds |     ml_0_cl_50 |        608.447 |            2.6 |           54.6 |          454.6 |          3.893 |          100.0 ||
||          seeds |    ml_100_cl_0 |        643.788 |            2.4 |           50.4 |          407.8 |          3.082 |          100.0 ||
||          seeds |    ml_25_cl_25 |         607.86 |            2.2 |           46.2 |          423.2 |          3.322 |          100.0 ||
||          seeds |     ml_50_cl_0 |        619.504 |            2.6 |           54.6 |          473.6 |          3.486 |           80.0 ||
||          seeds |    ml_50_cl_50 |        637.782 |            1.0 |           21.0 |          239.8 |          2.057 |          100.0 ||
||          heart |    ml_0_cl_100 |       3339.144 |            6.0 |          126.0 |          945.4 |          6.795 |           60.0 ||
||          heart |    ml_0_cl_150 |       3361.286 |            5.4 |          113.4 |          786.2 |          6.413 |           80.0 ||
||          heart |    ml_100_cl_0 |       3335.621 |            7.2 |          151.2 |         1121.4 |          7.653 |           40.0 ||
||          heart |    ml_150_cl_0 |       3353.373 |            6.4 |          134.4 |         1019.0 |          7.488 |           40.0 ||
||          heart |    ml_50_cl_50 |       3337.322 |            6.4 |          134.4 |          999.4 |          7.079 |           40.0 ||
||          heart |    ml_75_cl_75 |       3356.429 |            6.0 |          126.0 |          840.6 |          6.663 |           60.0 ||
||      vertebral |    ml_0_cl_100 |     537228.397 |            0.8 |           16.8 |          192.2 |          1.359 |          100.0 ||
||      vertebral |    ml_0_cl_150 |     565726.405 |            0.0 |            0.0 |          127.2 |          0.902 |          100.0 ||
||      vertebral |    ml_100_cl_0 |     548801.198 |            4.0 |           84.0 |          528.2 |          3.856 |           80.0 ||
||      vertebral |    ml_150_cl_0 |     588742.883 |            2.2 |           46.2 |          366.8 |          2.792 |          100.0 ||
||      vertebral |    ml_50_cl_50 |     535161.339 |            0.6 |           12.6 |          199.0 |          1.362 |          100.0 ||
||      vertebral |    ml_75_cl_75 |     581543.538 |            1.0 |           21.0 |          217.8 |           1.72 |          100.0 ||
||      computers |    ml_0_cl_150 |     317640.705 |            5.6 |          117.6 |          997.2 |         13.354 |           80.0 ||
||      computers |    ml_0_cl_250 |     324718.764 |            6.2 |          130.2 |          915.4 |         14.054 |           60.0 ||
||      computers |  ml_125_cl_125 |     324411.328 |            6.4 |          134.4 |          994.2 |         14.313 |           40.0 ||
||      computers |    ml_150_cl_0 |     317175.717 |            7.2 |          151.2 |         1429.0 |         18.345 |           60.0 ||
||      computers |    ml_250_cl_0 |      323038.54 |            7.2 |          151.2 |         1125.2 |          15.66 |           40.0 ||
||      computers |    ml_75_cl_75 |     317314.214 |            5.2 |          109.2 |          975.4 |         12.561 |           80.0 ||
||           gene |    ml_0_cl_200 |    17802378.98 |            4.8 |          100.8 |          761.8 |        260.334 |          100.0 ||
||           gene |    ml_0_cl_400 |   17807053.853 |            4.6 |           96.6 |          713.6 |        241.701 |          100.0 ||
||           gene |  ml_100_cl_100 |   17812884.436 |            5.2 |          109.2 |          741.4 |        251.828 |          100.0 ||
||           gene |    ml_200_cl_0 |   17807622.887 |            5.4 |          113.4 |          684.8 |        240.888 |          100.0 ||
||           gene |  ml_200_cl_200 |   17809579.596 |            4.0 |           84.0 |          586.4 |        206.603 |          100.0 ||
||           gene |    ml_400_cl_0 |   17811344.271 |            5.0 |          105.0 |          573.0 |         217.94 |          100.0 ||
||movement-libras |    ml_0_cl_100 |        310.744 |           12.6 |          264.6 |         1497.6 |         79.711 |           40.0 ||
||movement-libras |    ml_0_cl_150 |        313.916 |           13.8 |          289.8 |         1549.6 |         88.485 |           60.0 ||
||movement-libras |    ml_100_cl_0 |        416.846 |           13.2 |          277.2 |         1466.8 |         67.516 |           80.0 ||
||movement-libras |    ml_150_cl_0 |        479.465 |           12.8 |          268.8 |         1334.4 |         63.757 |          100.0 ||
||movement-libras |    ml_50_cl_50 |        371.819 |           11.0 |          231.0 |         1347.2 |          70.78 |           80.0 ||
||movement-libras |    ml_75_cl_75 |         397.26 |           12.8 |          268.8 |         1437.4 |          85.53 |           20.0 ||
||       toxicity |    ml_0_cl_100 |5845976810552229.0 |            0.0 |            0.0 |          119.2 |          0.629 |          100.0 ||
||       toxicity |     ml_0_cl_50 |5371181449462844.0 |            0.0 |            0.0 |          120.6 |          0.538 |          100.0 ||
||       toxicity |    ml_100_cl_0 |3752124315694239.0 |            1.6 |           33.6 |          247.8 |          1.364 |          100.0 ||
||       toxicity |    ml_25_cl_25 |5206382849411462.0 |            2.6 |           54.6 |          286.4 |          1.661 |          100.0 ||
||       toxicity |     ml_50_cl_0 |3624350034858881.5 |            0.8 |           16.8 |          222.0 |          1.038 |          100.0 ||
||       toxicity |    ml_50_cl_50 |5754504017375858.0 |            1.8 |           37.8 |          232.0 |          1.374 |          100.0 ||
||        ECG5000 |    ml_0_cl_150 |      11667.786 |           10.4 |          218.4 |         1539.6 |         44.638 |           40.0 ||
||        ECG5000 |    ml_0_cl_250 |      11768.432 |            7.8 |          163.8 |         1370.0 |         43.934 |           20.0 ||
||        ECG5000 |  ml_125_cl_125 |      12999.633 |            9.8 |          205.8 |         1402.2 |         43.099 |           60.0 ||
||        ECG5000 |    ml_150_cl_0 |      13233.816 |            7.8 |          163.8 |         1204.4 |         31.609 |           60.0 ||
||        ECG5000 |    ml_250_cl_0 |      14067.048 |            6.8 |          142.8 |          984.6 |         26.326 |           40.0 ||
||        ECG5000 |    ml_75_cl_75 |      12671.297 |            8.8 |          184.8 |         1378.6 |         40.478 |           60.0 ||
||          ecoli |    ml_0_cl_100 |         13.953 |            8.0 |          168.0 |         1326.6 |         36.735 |           60.0 ||
||          ecoli |    ml_0_cl_150 |         14.137 |            8.2 |          172.2 |         1323.2 |         41.478 |           60.0 ||
||          ecoli |    ml_100_cl_0 |         16.749 |           10.4 |          218.4 |         1264.4 |         30.945 |           60.0 ||
||          ecoli |    ml_150_cl_0 |         17.245 |            8.6 |          180.6 |         1009.6 |          25.95 |           40.0 ||
||          ecoli |    ml_50_cl_50 |         15.359 |            9.8 |          205.8 |         1417.8 |         38.779 |           40.0 ||
||          ecoli |    ml_75_cl_75 |         16.315 |           10.2 |          214.2 |         1376.2 |         41.897 |           40.0 ||
||          glass |    ml_0_cl_100 |         77.574 |            6.8 |          142.8 |          877.2 |         13.781 |           80.0 ||
||          glass |     ml_0_cl_50 |         76.116 |            8.0 |          168.0 |          960.0 |         13.803 |           60.0 ||
||          glass |    ml_100_cl_0 |        110.453 |            9.8 |          205.8 |         1009.0 |         13.583 |           80.0 ||
||          glass |    ml_25_cl_25 |         84.109 |            8.0 |          168.0 |         1011.8 |           14.4 |           80.0 ||
||          glass |     ml_50_cl_0 |         96.744 |            8.8 |          184.8 |         1064.0 |         13.976 |           60.0 ||
||          glass |    ml_50_cl_50 |          99.44 |            9.6 |          201.6 |         1164.8 |          17.93 |           20.0 ||
||         accent |    ml_0_cl_100 |      18884.919 |            7.0 |          147.0 |         1209.8 |         26.234 |           60.0 ||
||         accent |    ml_0_cl_150 |      19123.392 |            7.4 |          155.4 |         1158.2 |         27.448 |           60.0 ||
||         accent |    ml_100_cl_0 |       36350.72 |            8.8 |          184.8 |         1357.2 |         25.944 |            0.0 ||
||         accent |    ml_150_cl_0 |      41666.204 |            7.4 |          155.4 |         1210.2 |         25.224 |           40.0 ||
||         accent |    ml_50_cl_50 |      28931.026 |            9.4 |          197.4 |         1435.2 |         29.182 |           80.0 ||
||         accent |    ml_75_cl_75 |      32316.649 |            8.4 |          176.4 |         1288.2 |         30.057 |           60.0 ||
