||        dataset |  restricciones |          score |         n_iter |           n_ls |      n_iter_ls |        time(s) |% pop collapsed ||
||           iris |    ml_0_cl_100 |         84.951 |            2.6 |           72.0 |          348.6 |         12.132 |          100.0 ||
||           iris |     ml_0_cl_50 |         83.999 |            2.2 |           64.0 |          350.6 |         10.466 |           60.0 ||
||           iris |    ml_100_cl_0 |         86.688 |            2.0 |           60.0 |          249.8 |          7.927 |          100.0 ||
||           iris |    ml_25_cl_25 |          82.36 |            2.0 |           60.0 |          338.4 |          10.03 |          100.0 ||
||           iris |     ml_50_cl_0 |         84.964 |            2.4 |           68.0 |          323.2 |          8.832 |          100.0 ||
||           iris |    ml_50_cl_50 |         85.577 |            1.0 |           40.0 |          210.8 |          6.936 |          100.0 ||
||           wine |    ml_0_cl_100 |    3109961.404 |            1.2 |           44.0 |          244.2 |         10.101 |           80.0 ||
||           wine |     ml_0_cl_50 |    2761939.542 |            0.4 |           28.0 |          194.0 |           7.05 |          100.0 ||
||           wine |    ml_100_cl_0 |    4201469.548 |            3.8 |           96.0 |          401.0 |         13.417 |           60.0 ||
||           wine |    ml_25_cl_25 |    3148745.281 |            2.0 |           60.0 |          363.6 |         12.587 |          100.0 ||
||           wine |     ml_50_cl_0 |    3485077.386 |            3.4 |           88.0 |          506.0 |         15.779 |           40.0 ||
||           wine |    ml_50_cl_50 |    3823771.429 |            1.2 |           44.0 |          237.0 |           9.78 |           80.0 ||
||  connectionist |    ml_0_cl_100 |         327.37 |            3.0 |           80.0 |          459.0 |         11.362 |           60.0 ||
||  connectionist |     ml_0_cl_50 |        302.615 |            2.8 |           76.0 |          532.6 |         11.168 |           80.0 ||
||  connectionist |    ml_100_cl_0 |        327.779 |            4.0 |          100.0 |          630.4 |         14.932 |            0.0 ||
||  connectionist |    ml_25_cl_25 |        302.198 |            3.4 |           88.0 |          572.8 |         13.183 |           40.0 ||
||  connectionist |     ml_50_cl_0 |        301.432 |            4.0 |          100.0 |          662.2 |         13.921 |           20.0 ||
||  connectionist |    ml_50_cl_50 |        327.247 |            3.6 |           92.0 |          586.2 |         14.171 |           60.0 ||
||          seeds |    ml_0_cl_100 |        628.161 |            1.4 |           48.0 |          262.0 |         11.369 |           80.0 ||
||          seeds |     ml_0_cl_50 |        608.447 |            2.4 |           68.0 |          409.4 |         15.627 |          100.0 ||
||          seeds |    ml_100_cl_0 |        643.788 |            1.4 |           48.0 |          301.4 |         11.841 |           80.0 ||
||          seeds |    ml_25_cl_25 |         607.86 |            2.6 |           72.0 |          419.2 |         15.399 |          100.0 ||
||          seeds |     ml_50_cl_0 |        619.504 |            2.4 |           68.0 |          401.4 |         14.319 |           80.0 ||
||          seeds |    ml_50_cl_50 |        637.782 |            0.8 |           36.0 |          218.8 |          9.119 |          100.0 ||
||      vertebral |    ml_0_cl_100 |     537228.397 |            0.8 |           36.0 |          184.0 |          5.744 |           80.0 ||
||      vertebral |    ml_0_cl_150 |     565726.405 |            0.0 |           20.0 |          127.0 |          4.228 |          100.0 ||
||      vertebral |    ml_100_cl_0 |     548801.198 |            2.6 |           72.0 |          390.8 |         13.138 |           80.0 ||
||      vertebral |    ml_150_cl_0 |     588742.883 |            2.6 |           72.0 |          357.4 |         12.265 |           80.0 ||
||      vertebral |    ml_50_cl_50 |     535161.339 |            0.8 |           36.0 |          201.0 |          6.121 |          100.0 ||
||      vertebral |    ml_75_cl_75 |     581543.538 |            0.8 |           36.0 |          187.2 |          6.875 |          100.0 ||
||      computers |    ml_0_cl_150 |     317640.705 |            4.0 |          100.0 |          802.4 |         48.324 |            0.0 ||
||      computers |    ml_0_cl_250 |     324718.764 |            4.0 |          100.0 |          687.2 |         49.536 |            0.0 ||
||      computers |  ml_125_cl_125 |     324411.328 |            4.0 |          100.0 |          755.0 |         51.119 |           20.0 ||
||      computers |    ml_150_cl_0 |     317175.717 |            4.0 |          100.0 |         1035.0 |          62.03 |           20.0 ||
||      computers |    ml_250_cl_0 |     323038.188 |            4.0 |          100.0 |          809.0 |         55.855 |            0.0 ||
||      computers |    ml_75_cl_75 |     317314.242 |            3.8 |           96.0 |          798.0 |         48.056 |           20.0 ||
||movement-libras |    ml_0_cl_100 |        310.782 |            4.0 |          100.0 |          860.8 |        248.684 |            0.0 ||
||movement-libras |    ml_0_cl_150 |        313.959 |            5.2 |          124.0 |          958.6 |        292.699 |            0.0 ||
||movement-libras |    ml_100_cl_0 |        417.033 |            4.6 |          112.0 |          810.0 |        199.184 |            0.0 ||
||movement-libras |    ml_150_cl_0 |        479.297 |            4.0 |          100.0 |          704.2 |        201.334 |            0.0 ||
||movement-libras |    ml_50_cl_50 |        371.728 |            4.0 |          100.0 |          840.8 |        245.415 |            0.0 ||
||movement-libras |    ml_75_cl_75 |        397.006 |            4.0 |          100.0 |          772.8 |        245.245 |            0.0 ||
||           drug |    ml_0_cl_150 |8.489509551748155e+27 |            0.0 |           20.0 |          119.2 |          5.463 |          100.0 ||
||           drug |    ml_0_cl_250 |8.562516379154485e+27 |            0.8 |           36.0 |          149.8 |          7.988 |           80.0 ||
||           drug |  ml_125_cl_125 |8.501823982975736e+27 |            0.0 |           20.0 |          118.6 |          6.198 |          100.0 ||
||           drug |    ml_150_cl_0 |2.0708590252231402e+27 |            2.4 |           68.0 |          271.2 |          9.852 |          100.0 ||
||           drug |    ml_250_cl_0 |2.416828888333545e+27 |            2.4 |           68.0 |          259.0 |         10.227 |          100.0 ||
||           drug |    ml_75_cl_75 |8.389181967401496e+27 |            0.0 |           20.0 |          123.6 |           5.64 |          100.0 ||
||       toxicity |    ml_0_cl_100 |5845976810552229.0 |            0.0 |           20.0 |          114.4 |          3.105 |          100.0 ||
||       toxicity |     ml_0_cl_50 |5371181449462844.0 |            0.0 |           20.0 |          115.0 |          2.711 |          100.0 ||
||       toxicity |    ml_100_cl_0 |3752124315694239.0 |            1.6 |           52.0 |          220.4 |          6.357 |          100.0 ||
||       toxicity |    ml_25_cl_25 |5206382849411462.0 |            2.6 |           72.0 |          253.0 |          6.728 |           80.0 ||
||       toxicity |     ml_50_cl_0 |3325353606287723.0 |            2.2 |           64.0 |          283.6 |          6.991 |           80.0 ||
||       toxicity |    ml_50_cl_50 |5754504017375858.0 |            1.6 |           52.0 |          202.6 |          5.889 |           80.0 ||
||        ECG5000 |    ml_0_cl_150 |      11667.772 |            4.0 |          100.0 |          992.8 |        145.403 |            0.0 ||
||        ECG5000 |    ml_0_cl_250 |      11768.432 |            4.0 |          100.0 |         1026.6 |        164.457 |            0.0 ||
||        ECG5000 |  ml_125_cl_125 |      12999.659 |            4.0 |          100.0 |          864.6 |        146.694 |            0.0 ||
||        ECG5000 |    ml_150_cl_0 |      13233.816 |            4.0 |          100.0 |          871.2 |        113.366 |            0.0 ||
||        ECG5000 |    ml_250_cl_0 |      14067.048 |            4.6 |          112.0 |          809.2 |        105.628 |            0.0 ||
||        ECG5000 |    ml_75_cl_75 |      12671.297 |            4.0 |          100.0 |         1020.6 |        139.012 |            0.0 ||
||          ecoli |    ml_0_cl_100 |         13.953 |            4.0 |          100.0 |         1029.4 |        139.135 |            0.0 ||
||          ecoli |    ml_0_cl_150 |         14.137 |            4.0 |          100.0 |          971.0 |        155.277 |            0.0 ||
||          ecoli |    ml_100_cl_0 |         16.752 |            4.0 |          100.0 |          800.8 |        105.105 |            0.0 ||
||          ecoli |    ml_150_cl_0 |         17.225 |            4.0 |          100.0 |          689.2 |         98.561 |            0.0 ||
||          ecoli |    ml_50_cl_50 |         15.359 |            4.6 |          112.0 |          920.6 |        123.435 |            0.0 ||
||          ecoli |    ml_75_cl_75 |         16.315 |            4.0 |          100.0 |          884.2 |        134.001 |            0.0 ||
||          glass |    ml_0_cl_100 |         77.574 |            4.0 |          100.0 |          644.0 |         51.857 |            0.0 ||
||          glass |     ml_0_cl_50 |         76.116 |            4.0 |          100.0 |          640.6 |         44.493 |            0.0 ||
||          glass |    ml_100_cl_0 |         110.46 |            4.0 |          100.0 |          587.0 |         41.608 |            0.0 ||
||          glass |    ml_25_cl_25 |         84.109 |            4.0 |          100.0 |          696.4 |         45.233 |            0.0 ||
||          glass |     ml_50_cl_0 |         96.674 |            4.0 |          100.0 |          680.8 |         44.606 |            0.0 ||
||          glass |    ml_50_cl_50 |         99.396 |            4.0 |          100.0 |          697.8 |         52.128 |            0.0 ||
