||        dataset |          score |         n_iter |           n_ls |      n_iter_ls |        time(s) |% pop collapsed ||
||           iris |         84.756 |            2.2 |           44.0 |        298.633 |          1.916 |          100.0 ||
||           wine |    3421827.432 |            2.4 |           48.0 |        345.333 |          2.429 |         93.333 ||
||  connectionist |        314.774 |          4.267 |         85.333 |        608.833 |          2.877 |         96.667 ||
||          seeds |        624.257 |            1.9 |           38.0 |          333.8 |          2.629 |         96.667 ||
||      vertebral |      559533.96 |          1.633 |         32.667 |        267.967 |          1.837 |          100.0 ||
||      computers |     320716.535 |          6.267 |        125.333 |        946.333 |         11.828 |         83.333 ||
||movement-libras |        381.525 |         12.733 |        254.667 |         1343.5 |         67.911 |         66.667 ||
||       toxicity |4925753246225918.0 |          1.167 |         23.333 |        197.067 |          1.056 |          100.0 ||
||        ECG5000 |      12734.776 |          8.033 |        160.667 |       1127.967 |         30.873 |           50.0 ||
