||        dataset |  restricciones |          score |         n_iter |           n_ls |      n_iter_ls |        time(s) |% pop collapsed ||
||           iris |    ml_0_cl_100 |         84.951 |            2.2 |           46.2 |          325.4 |          2.461 |          100.0 ||
||           iris |     ml_0_cl_50 |         83.999 |            3.0 |           63.0 |          417.0 |          2.644 |          100.0 ||
||           iris |    ml_100_cl_0 |         86.688 |            2.6 |           54.6 |          310.2 |          1.792 |          100.0 ||
||           iris |    ml_25_cl_25 |          82.36 |            1.8 |           37.8 |          317.8 |           1.96 |          100.0 ||
||           iris |     ml_50_cl_0 |         84.964 |            1.8 |           37.8 |          299.8 |          1.679 |          100.0 ||
||           iris |    ml_50_cl_50 |         85.577 |            1.2 |           25.2 |          228.4 |          1.595 |          100.0 ||
||           wine |    ml_0_cl_100 |    3109961.404 |            2.0 |           42.0 |          306.2 |           2.52 |          100.0 ||
||           wine |     ml_0_cl_50 |    2761939.542 |            0.8 |           16.8 |          241.4 |          1.656 |          100.0 ||
||           wine |    ml_100_cl_0 |    4201469.548 |            4.6 |           96.6 |          477.6 |          3.245 |          100.0 ||
||           wine |    ml_25_cl_25 |    3148745.281 |            2.2 |           46.2 |          428.8 |          3.006 |          100.0 ||
||           wine |     ml_50_cl_0 |    3485077.386 |            4.8 |          100.8 |          598.0 |          3.924 |          100.0 ||
||           wine |    ml_50_cl_50 |    3823771.429 |            1.8 |           37.8 |          303.8 |          2.387 |          100.0 ||
||  connectionist |    ml_0_cl_100 |         327.37 |            3.6 |           75.6 |          518.6 |          3.047 |          100.0 ||
||  connectionist |     ml_0_cl_50 |        302.615 |            3.2 |           67.2 |          616.6 |          3.069 |          100.0 ||
||  connectionist |    ml_100_cl_0 |        327.779 |            6.6 |          138.6 |          855.0 |          4.517 |          100.0 ||
||  connectionist |    ml_25_cl_25 |        302.198 |            7.0 |          147.0 |          861.6 |          4.496 |          100.0 ||
||  connectionist |     ml_50_cl_0 |        301.432 |            5.0 |          105.0 |          773.6 |          3.781 |          100.0 ||
||  connectionist |    ml_50_cl_50 |        327.247 |            4.2 |           88.2 |          643.6 |          3.547 |          100.0 ||
||          seeds |    ml_0_cl_100 |        628.161 |            1.6 |           33.6 |          292.4 |          2.704 |          100.0 ||
||          seeds |     ml_0_cl_50 |        608.447 |            2.6 |           54.6 |          451.2 |          3.802 |          100.0 ||
||          seeds |    ml_100_cl_0 |        643.788 |            2.2 |           46.2 |          387.0 |          3.073 |          100.0 ||
||          seeds |    ml_25_cl_25 |         607.86 |            3.2 |           67.2 |          493.8 |          4.113 |          100.0 ||
||          seeds |     ml_50_cl_0 |        619.504 |            3.2 |           67.2 |          485.4 |          3.753 |          100.0 ||
||          seeds |    ml_50_cl_50 |        637.782 |            1.2 |           25.2 |          255.6 |          2.287 |          100.0 ||
||          heart |    ml_0_cl_100 |       3339.144 |            7.6 |          159.6 |         1062.8 |          8.006 |          100.0 ||
||          heart |    ml_0_cl_150 |       3361.286 |            5.8 |          121.8 |          792.8 |          7.123 |          100.0 ||
||          heart |    ml_100_cl_0 |       3335.621 |           10.0 |          210.0 |         1316.2 |          9.375 |          100.0 ||
||          heart |    ml_150_cl_0 |       3353.373 |            8.2 |          172.2 |         1125.0 |          8.487 |          100.0 ||
||          heart |    ml_50_cl_50 |       3337.322 |            8.4 |          176.4 |         1139.2 |          8.363 |          100.0 ||
||          heart |    ml_75_cl_75 |       3356.429 |            6.8 |          142.8 |          889.8 |          7.268 |          100.0 ||
||      vertebral |    ml_0_cl_100 |     537228.397 |            1.0 |           21.0 |          206.0 |          1.549 |          100.0 ||
||      vertebral |    ml_0_cl_150 |     565726.405 |            0.0 |            0.0 |          127.2 |          0.922 |          100.0 ||
||      vertebral |    ml_100_cl_0 |     548801.198 |            4.2 |           88.2 |          539.4 |          3.986 |          100.0 ||
||      vertebral |    ml_150_cl_0 |     588742.883 |            3.0 |           63.0 |          432.8 |          3.436 |          100.0 ||
||      vertebral |    ml_50_cl_50 |     535161.339 |            0.6 |           12.6 |          196.4 |          1.374 |          100.0 ||
||      vertebral |    ml_75_cl_75 |     581543.538 |            0.8 |           16.8 |          200.0 |          1.585 |          100.0 ||
||      computers |    ml_0_cl_150 |     317640.705 |            7.0 |          147.0 |         1118.4 |          15.63 |          100.0 ||
||      computers |    ml_0_cl_250 |     324718.764 |            7.8 |          163.8 |         1002.2 |         15.854 |          100.0 ||
||      computers |  ml_125_cl_125 |     324411.328 |            7.6 |          159.6 |         1070.6 |         15.674 |          100.0 ||
||      computers |    ml_150_cl_0 |     317175.717 |            8.8 |          184.8 |         1543.0 |         20.053 |          100.0 ||
||      computers |    ml_250_cl_0 |     323038.482 |           10.0 |          210.0 |         1329.4 |         18.525 |          100.0 ||
||      computers |    ml_75_cl_75 |     317314.214 |            8.4 |          176.4 |         1247.8 |         17.073 |          100.0 ||
||movement-libras |    ml_0_cl_100 |        310.968 |           16.2 |          340.2 |         1879.2 |         99.983 |          100.0 ||
||movement-libras |    ml_0_cl_150 |        313.697 |           20.2 |          424.2 |         2108.6 |        122.946 |          100.0 ||
||movement-libras |    ml_100_cl_0 |        416.523 |           20.4 |          428.4 |         2001.2 |         95.107 |          100.0 ||
||movement-libras |    ml_150_cl_0 |        479.363 |           20.6 |          432.6 |         1997.2 |         96.089 |          100.0 ||
||movement-libras |    ml_50_cl_50 |        371.674 |           18.8 |          394.8 |         1960.8 |        103.104 |          100.0 ||
||movement-libras |    ml_75_cl_75 |        396.775 |           19.8 |          415.8 |         1981.8 |        110.977 |          100.0 ||
||       toxicity |    ml_0_cl_100 |5845976810552229.0 |            0.0 |            0.0 |          119.2 |          0.658 |          100.0 ||
||       toxicity |     ml_0_cl_50 |5371181449462844.0 |            0.0 |            0.0 |          120.6 |          0.573 |          100.0 ||
||       toxicity |    ml_100_cl_0 |3752124315694239.0 |            2.0 |           42.0 |          270.2 |          1.544 |          100.0 ||
||       toxicity |    ml_25_cl_25 |5206382849411462.0 |            2.4 |           50.4 |          270.8 |          1.622 |          100.0 ||
||       toxicity |     ml_50_cl_0 |3624350034858881.5 |            1.0 |           21.0 |          234.8 |          1.251 |          100.0 ||
||       toxicity |    ml_50_cl_50 |5754504017375858.0 |            1.8 |           37.8 |          232.8 |          1.463 |          100.0 ||
||        ECG5000 |    ml_0_cl_150 |      11667.781 |           13.0 |          273.0 |         1702.2 |         49.759 |          100.0 ||
||        ECG5000 |    ml_0_cl_250 |      11768.432 |           10.4 |          218.4 |         1562.4 |         50.627 |          100.0 ||
||        ECG5000 |  ml_125_cl_125 |      12999.855 |           12.0 |          252.0 |         1578.2 |           48.9 |          100.0 ||
||        ECG5000 |    ml_150_cl_0 |      13233.816 |           10.2 |          214.2 |         1391.6 |         35.959 |          100.0 ||
||        ECG5000 |    ml_250_cl_0 |      14067.704 |           12.4 |          260.4 |         1420.4 |         38.739 |          100.0 ||
||        ECG5000 |    ml_75_cl_75 |      12671.297 |           11.6 |          243.6 |         1551.6 |         43.514 |          100.0 ||
||          ecoli |    ml_0_cl_100 |         13.953 |           12.0 |          252.0 |         1652.0 |         46.908 |          100.0 ||
||          ecoli |    ml_0_cl_150 |         14.137 |           12.8 |          268.8 |         1717.0 |         53.586 |          100.0 ||
||          ecoli |    ml_100_cl_0 |         16.748 |           15.8 |          331.8 |         1765.4 |         44.273 |          100.0 ||
||          ecoli |    ml_150_cl_0 |         17.269 |           13.4 |          281.4 |         1357.0 |         35.655 |          100.0 ||
||          ecoli |    ml_50_cl_50 |         15.359 |           13.4 |          281.4 |         1589.4 |         43.429 |          100.0 ||
||          ecoli |    ml_75_cl_75 |         16.315 |           12.6 |          264.6 |         1545.4 |         45.213 |          100.0 ||
||          glass |    ml_0_cl_100 |         77.574 |           11.2 |          235.2 |         1228.6 |          19.94 |          100.0 ||
||          glass |     ml_0_cl_50 |         76.116 |           10.0 |          210.0 |         1120.8 |         15.792 |          100.0 ||
||          glass |    ml_100_cl_0 |        110.453 |           11.8 |          247.8 |         1152.2 |         15.341 |          100.0 ||
||          glass |    ml_25_cl_25 |         84.109 |           11.4 |          239.4 |         1266.2 |         17.101 |          100.0 ||
||          glass |     ml_50_cl_0 |         96.676 |           15.6 |          327.6 |         1555.0 |          19.65 |          100.0 ||
||          glass |    ml_50_cl_50 |         99.418 |           11.4 |          239.4 |         1319.2 |         19.554 |          100.0 ||
||         accent |    ml_0_cl_100 |      18884.919 |           10.2 |          214.2 |         1495.4 |         31.646 |          100.0 ||
||         accent |    ml_0_cl_150 |      19123.392 |           12.2 |          256.2 |         1524.4 |         36.317 |          100.0 ||
||         accent |    ml_100_cl_0 |      36350.818 |           12.2 |          256.2 |         1588.8 |         31.358 |          100.0 ||
||         accent |    ml_150_cl_0 |      41666.204 |           11.8 |          247.8 |         1592.2 |         32.061 |          100.0 ||
||         accent |    ml_50_cl_50 |      28931.158 |           12.2 |          256.2 |         1689.8 |         34.942 |          100.0 ||
||         accent |    ml_75_cl_75 |      32317.221 |           11.8 |          247.8 |         1533.6 |         35.117 |          100.0 ||
||        dataset |  restricciones |          score |         n_iter |           n_ls |      n_iter_ls |        time(s) |% pop collapsed ||
||           gene |    ml_0_cl_200 |    17802378.98 |            4.8 |          100.8 |          784.8 |        260.333 |          100.0 ||
