214 9 6
-0.13432835820896116 -0.12481203007518804 1.0 -0.4953271028037384 -0.2964285714285708 -0.9806763285024155 -0.3828996282527881 -1.0 -1.0
-0.4328358208955194 -0.049624060150375904 0.6035634743875278 -0.33333333333333337 0.04285714285714448 -0.8454106280193237 -0.5539033457249072 -1.0 -1.0
-0.5583845478490161 -0.1578947368421053 0.5812917594654787 -0.22118380062305298 0.13571428571428257 -0.8743961352657005 -0.5631970260223049 -1.0 -1.0
-0.428446005267773 -0.25413533834586444 0.6436525612472159 -0.3769470404984424 0.0 -0.8164251207729469 -0.4814126394052045 -1.0 -1.0
-0.4495171202809445 -0.23609022556391013 0.6124721603563474 -0.4080996884735203 0.16785714285714093 -0.822866344605475 -0.5092936802973977 -1.0 -1.0
-0.5776997366110663 -0.3804511278195495 0.6080178173719375 -0.17133956386292848 0.1285714285714299 -0.7938808373590982 -0.5092936802973977 -1.0 0.019607843137254832
-0.44863915715541225 -0.22706766917293209 0.6035634743875278 -0.4704049844236762 0.17142857142857437 -0.8132045088566828 -0.49070631970260226 -1.0 -1.0
-0.43722563652326585 -0.27218045112781963 0.6080178173719375 -0.5264797507788163 0.22499999999999787 -0.8164251207729469 -0.4776951672862455 -1.0 -1.0
-0.2949956101843725 -0.004511278195488799 0.5946547884187081 -0.3271028037383178 -0.18928571428571672 -0.8196457326892109 -0.46654275092936803 -1.0 -1.0
-0.4381035996488265 -0.31729323308270674 0.6035634743875278 -0.33333333333333337 0.13571428571428257 -0.8164251207729469 -0.44795539033457255 -1.0 -0.5686274509803921
-0.59964881474977 -0.40150375939849603 0.5412026726057906 -0.20872274143302183 0.2107142857142854 -0.7842190016103059 -0.5055762081784387 -1.0 -0.05882352941176483
-0.43107989464442653 -0.37744360902255636 0.6302895322939865 -0.38940809968847356 0.1428571428571459 -0.8067632850241546 -0.4182156133828996 -1.0 -1.0
-0.5838454784899056 -0.35338345864661624 0.5278396436525612 -0.3084112149532712 0.23928571428571388 -0.7777777777777778 -0.5130111524163568 -1.0 -0.05882352941176483
-0.4442493415276658 -0.3593984962406016 0.5857461024498885 -0.38940809968847356 0.21428571428571175 -0.8260869565217391 -0.45167286245353155 -1.0 -0.33333333333333326
-0.43107989464442653 -0.43458646616541374 0.5991091314031178 -0.36448598130841126 0.24285714285714377 -0.8132045088566828 -0.42936802973977706 -1.0 -1.0
-0.4328358208955194 -0.3744360902255641 0.576837416481069 -0.41433021806853587 0.22499999999999787 -0.8132045088566828 -0.44981412639405205 -1.0 -1.0
-0.4126426690079086 -0.4135338345864663 0.6347438752783963 -0.457943925233645 0.17857142857142705 -0.8035426731078905 -0.3921933085501861 -1.0 -1.0
-0.050921861281835845 0.09172932330827077 0.7149220489977728 -0.6261682242990655 -0.44642857142857295 -0.9516908212560387 -0.30855018587360594 -1.0 -1.0
-0.3011413520632118 -0.04661654135338367 0.661469933184855 -0.44548286604361387 -0.17499999999999716 -0.9806763285024155 -0.3568773234200744 -1.0 -1.0
-0.4556628621597838 -0.31127819548872226 0.576837416481069 -0.12772585669781944 0.04285714285714448 -0.8260869565217391 -0.4405204460966545 -1.0 -0.7254901960784313
-0.4424934152765445 -0.37142857142857144 0.5812917594654787 -0.252336448598131 0.05000000000000071 -0.8260869565217391 -0.42565055762081805 -1.0 -0.2549019607843137
-0.2528533801580295 0.21503759398496225 0.6703786191536747 -1.0 -0.21071428571428896 -0.9903381642512077 -0.3364312267657994 -1.0 -1.0
-0.45478489903425157 -0.3834586466165417 0.6124721603563474 -0.3769470404984424 0.06428571428571672 -0.8099838969404187 -0.3921933085501861 -1.0 -1.0
-0.4416154521510123 -0.3744360902255641 0.5902004454342982 -0.33956386292834895 0.1464285714285687 -0.8003220611916264 -0.4126394052044611 -1.0 -1.0
-0.4688323090430231 -0.20300751879699241 0.5590200445434297 -0.4641744548286606 0.08571428571428541 -0.8389694041867954 -0.44237918215613403 -1.0 -1.0
-0.4302019315188943 -0.32330827067669166 0.576837416481069 -0.426791277258567 0.139285714285716 -0.7906602254428341 -0.42379182156133854 -1.0 -1.0
-0.4047410008779764 -0.25413533834586444 0.5501113585746102 -0.3021806853582556 0.01071428571428612 -0.8099838969404187 -0.44237918215613403 -1.0 -1.0
-0.46795434591749085 -0.35639097744360937 0.5501113585746102 -0.3520249221183801 0.15357142857143202 -0.8196457326892109 -0.44237918215613403 -1.0 -1.0
-0.4266900790167085 -0.4496240601503758 0.5679287305122493 -0.28971962616822444 0.1928571428571466 -0.8164251207729469 -0.42193308550185904 -1.0 -1.0
-0.4126426690079086 -0.29323308270676707 0.55456570155902 -0.383177570093458 0.0892857142857153 -0.8067632850241546 -0.43122676579925656 -1.0 -1.0
-0.4266900790167085 -0.42255639097744346 0.5857461024498885 -0.37071651090342683 0.16785714285714093 -0.8035426731078905 -0.3940520446096656 -1.0 -0.4509803921568627
-0.44512730465319805 -0.3654135338345865 0.5590200445434297 -0.4704049844236762 0.235714285714284 -0.8196457326892109 -0.4200743494423791 -1.0 -1.0
-0.4205443371378408 -0.3624060150375943 0.5501113585746102 -0.41433021806853587 0.1285714285714299 -0.8035426731078905 -0.4182156133828996 -0.9428571428571428 -0.13725490196078438
-0.4398595258999478 -0.4466165413533836 0.5456570155902005 -0.3208722741433023 0.27857142857142847 -0.8067632850241546 -0.4200743494423791 -1.0 -0.7647058823529412
-0.41352063213346923 -0.41052631578947407 0.576837416481069 -0.3457943925233645 0.12142857142857366 -0.8164251207729469 -0.3828996282527881 -1.0 -1.0
-0.6031606672519843 -0.2300751879699252 0.5367483296213809 -0.426791277258567 0.04642857142857082 -0.8196457326892109 -0.4163568773234201 -1.0 -1.0
-0.3028972783143047 -0.049624060150375904 0.5723830734966591 -0.3582554517133957 -0.2857142857142847 -0.8357487922705313 -0.3773234200743496 -0.9301587301587302 -1.0
-0.4012291483757622 -0.39548872180451156 0.5501113585746102 -0.33956386292834895 0.12499999999999645 -0.7938808373590982 -0.3959107806691451 -1.0 -1.0
-0.03599648814750367 0.04661654135338367 0.7015590200445432 -0.8878504672897196 -0.3000000000000007 -0.964573268921095 -0.23048327137546476 -1.0 -1.0
-0.03599648814750367 0.04661654135338367 0.7015590200445432 -0.8878504672897196 -0.3000000000000007 -0.964573268921095 -0.23048327137546476 -1.0 -1.0
-0.4047410008779764 -0.3804511278195495 0.5590200445434297 -0.4828660436137072 0.15000000000000213 -0.7938808373590982 -0.3791821561338291 -1.0 -1.0
-0.4381035996488265 -0.4045112781954887 0.5233853006681513 -0.4330218068535826 0.2107142857142854 -0.8099838969404187 -0.4033457249070631 -1.0 -1.0
-0.417032484635655 -0.25413533834586444 0.5100222717149221 -0.3520249221183801 0.0535714285714306 -0.8099838969404187 -0.4126394052044611 -1.0 -1.0
-0.03863037752415721 -0.09774436090225525 0.7104677060133628 -0.7320872274143303 -0.30357142857142705 -0.9452495974235104 -0.1988847583643123 -1.0 -1.0
-0.4108867427568157 -0.3984962406015038 0.5278396436525612 -0.4392523364485982 0.12142857142857366 -0.8003220611916264 -0.3810408921933086 -1.0 0.17647058823529393
-0.3107989464442369 -0.16992481203007515 0.5501113585746102 -0.33956386292834895 -0.235714285714284 -0.822866344605475 -0.3364312267657994 -1.0 -1.0
-0.3380158033362761 -0.2601503759398498 0.5011135857461024 -0.44548286604361387 0.03928571428571459 -0.8164251207729469 -0.36802973977695186 -1.0 -0.37254901960784315
0.36259877085160497 -0.01954887218045087 0.6481069042316259 -0.7383177570093459 -0.37142857142857366 -0.9935587761674718 -0.18401486988847582 -1.0 -0.607843137254902
-0.02721685689201081 -0.25413533834586444 0.6792873051224944 -0.6884735202492211 -0.22142857142857508 -0.9581320450885669 -0.14684014869888506 -1.0 -1.0
-0.3125548726953582 -0.14285714285714324 0.49220489977728277 -0.41433021806853587 -0.18928571428571672 -0.8099838969404187 -0.3531598513011154 -1.0 -1.0
0.057945566286207395 -0.10075187969924837 0.6570155902004453 -0.8629283489096573 -0.30714285714285694 -0.9710144927536232 -0.1394052044609666 -1.0 -0.37254901960784315
-0.2879719051799725 -0.25714285714285756 0.4832962138084631 -0.383177570093458 -0.0892857142857153 -0.8067632850241546 -0.31040892193308545 -1.0 -0.5686274509803921
-0.3915715539947371 -0.18796992481203034 0.2783964365256124 -0.4392523364485982 0.08214285714285907 -0.822866344605475 -0.3308550185873609 -1.0 -1.0
-0.36611062335381916 -0.27518796992481187 0.26503340757238303 -0.383177570093458 0.08571428571428541 -0.822866344605475 -0.3234200743494424 -1.0 -1.0
-0.41791044776121566 -0.25413533834586444 0.25167037861915365 -0.3769470404984424 0.13214285714285978 -0.8357487922705313 -0.3327137546468404 -1.0 -0.6470588235294118
-0.42581211589114787 -0.48270676691729353 0.20712694877505555 -0.3769470404984424 0.389285714285716 -0.8196457326892109 -0.3252788104089219 -1.0 -0.05882352941176483
-0.9122036874451283 -0.3203007518796994 0.5456570155902005 -0.4828660436137072 0.13214285714285978 -0.8003220611916264 -0.4572490706319705 -1.0 0.21568627450980382
-0.37752414398596557 -0.35639097744360937 0.5501113585746102 -0.3769470404984424 0.12142857142857366 -0.8067632850241546 -0.44237918215613403 -1.0 -1.0
-0.43898156277438716 -0.17293233082706738 0.665924276169265 -0.45171339563862944 0.13571428571428257 -0.8099838969404187 -0.5167286245353162 -1.0 -1.0
-0.43898156277438716 -0.20000000000000018 0.6302895322939865 -0.4392523364485982 0.06428571428571672 -0.8164251207729469 -0.47211895910780677 -1.0 -0.5686274509803921
-0.3064091308165189 -0.13684210526315788 0.6124721603563474 -0.4890965732087228 0.01071428571428612 -0.9549114331723028 -0.3810408921933086 -1.0 -1.0
-0.2431957857770044 -0.07368421052631557 0.5946547884187081 -0.3582554517133957 -0.31785714285714306 -0.961352657004831 -0.3977695167286246 -0.5619047619047619 -1.0
-0.07199297629497892 -0.16390977443609067 0.7193763919821825 -0.6323987538940811 -0.29285714285714093 -0.9259259259259259 -0.23605947955390372 -1.0 -0.5686274509803921
-0.023705004389825035 0.03458646616541383 0.6971046770601335 -0.6947040498442367 -0.45000000000000284 -1.0 -0.20817843866171026 -1.0 -1.0
-0.07199297629497892 -0.17293233082706738 0.665924276169265 -0.6199376947040499 -0.21428571428571175 -0.9420289855072463 -0.22304832713754674 -1.0 -0.7254901960784313
-0.13608428446005405 -0.10977443609022597 0.5991091314031178 -0.4828660436137072 -0.2321428571428612 -0.9710144927536232 -0.2620817843866172 -1.0 -1.0
-0.08955223880596463 -0.3022556390977442 0.6258351893095766 -0.6386292834890966 -0.139285714285716 -0.9388083735909822 -0.1784386617100373 -1.0 -0.33333333333333326
-0.08955223880596463 -0.3022556390977442 0.6258351893095766 -0.6386292834890966 -0.10357142857143131 -0.9388083735909822 -0.1784386617100373 -1.0 -0.33333333333333326
-0.08955223880596463 -0.28120300751879723 0.5946547884187081 -0.6199376947040499 -0.1464285714285687 -0.9259259259259259 -0.18401486988847582 -1.0 -0.37254901960784315
0.0403863037752501 -0.22406015037593985 0.5946547884187081 -0.6697819314641745 -0.22142857142857508 -0.961352657004831 -0.11895910780669161 -1.0 -0.8823529411764706
-0.5970149253731449 0.24210526315789416 0.6347438752783963 -0.09657320872274155 -0.26428571428571246 -0.9484702093397746 -0.6412639405204461 -1.0 -0.5294117647058825
-0.3564530289727941 -0.12481203007518804 0.7238307349665924 -0.38940809968847356 -0.2321428571428612 -0.8260869565217391 -0.462825278810409 -1.0 0.2549019607843137
-0.5803336259877199 -0.29022556390977483 0.5991091314031178 -0.23364485981308414 0.17499999999999716 -0.7842190016103059 -0.5539033457249072 -1.0 -1.0
-0.5469710272168697 -0.21503759398496225 0.5902004454342982 -0.20249221183800625 0.09285714285714519 -0.8035426731078905 -0.5427509293680299 -1.0 -1.0
-0.5776997366110663 -0.31127819548872226 0.5857461024498885 -0.22118380062305298 0.17857142857142705 -0.7681159420289856 -0.5408921933085502 -1.0 -1.0
-0.582967515364345 -0.31127819548872226 0.5946547884187081 -0.23987538940809972 0.1821428571428605 -0.7777777777777778 -0.529739776951673 -1.0 -1.0
-0.5346795434591627 -0.1849624060150381 0.6080178173719375 -0.22118380062305298 -0.07857142857142918 -0.78743961352657 -0.5167286245353162 -1.0 -1.0
-0.5504828797190555 -0.31729323308270674 0.5946547884187081 -0.22118380062305298 0.07857142857142918 -0.8035426731078905 -0.5148698884758367 -1.0 -1.0
-0.5627743634767342 -0.040601503759398305 0.5679287305122493 -0.4018691588785047 0.09642857142857153 -0.8808373590982287 -0.533457249070632 -1.0 -0.4509803921568627
-0.582967515364345 -0.37142857142857144 0.5679287305122493 0.0031152647975076775 0.0892857142857153 -0.7777777777777778 -0.5278810408921935 -1.0 -1.0
-0.5812115891132521 -0.3593984962406016 0.5679287305122493 0.14018691588785037 0.01785714285714235 -0.7777777777777778 -0.5278810408921935 -1.0 -1.0
-0.5803336259877199 -0.24210526315789505 0.5367483296213809 -0.28971962616822444 0.1999999999999993 -0.8035426731078905 -0.5483271375464684 -1.0 -1.0
-0.5338015803336305 -0.19398496240601482 0.5812917594654787 -0.4018691588785047 0.07142857142857295 -0.7809983896940419 -0.5037174721189592 -1.0 -1.0
-0.5794556628621592 -0.29022556390977483 0.5679287305122493 -0.2149532710280374 0.09285714285714519 -0.7809983896940419 -0.5130111524163568 -1.0 -0.6470588235294118
-0.7418788410886918 0.0586466165413535 0.3763919821826278 0.11526479750778806 -0.11785714285714377 -0.6457326892109501 -0.6933085501858736 -1.0 -1.0
-0.5522388059701484 -0.20902255639097778 0.5946547884187081 -0.252336448598131 0.03928571428571459 -0.855072463768116 -0.483271375464684 -1.0 -1.0
-0.6014047410008914 -0.24511278195488728 0.55456570155902 -0.26479750778816213 0.22857142857142776 -0.8776167471819646 -0.5167286245353162 -1.0 -1.0
-0.5346795434591627 -0.19699248120300794 0.55456570155902 -0.23364485981308414 0.014285714285716011 -0.7842190016103059 -0.5074349442379182 -1.0 -0.607843137254902
-0.5583845478490161 -0.3142857142857145 0.5590200445434297 -0.25856697819314656 0.10000000000000142 -0.8067632850241546 -0.5000000000000002 -1.0 -1.0
-0.5390693590869375 -0.4526315789473685 0.5501113585746102 -0.015576323987539054 0.22142857142857153 -0.7971014492753623 -0.5074349442379182 -1.0 -0.6470588235294118
-0.3625987708516334 -0.33834586466165417 0.665924276169265 -0.4890965732087228 -0.11785714285714377 -0.7938808373590982 -0.3438661710037174 -1.0 -0.13725490196078438
-0.5697980684811341 -0.34736842105263177 0.5322939866369709 -0.2772585669781933 0.16071428571428825 -0.8582930756843801 -0.47211895910780677 -1.0 -1.0
-0.5847234416154663 -0.28120300751879723 0.5189309576837415 -0.19626168224299068 0.23214285714285765 -0.9774557165861514 -0.44981412639405205 -1.0 -0.2549019607843137
-0.582967515364345 -0.24511278195488728 0.4877505567928728 -0.26479750778816213 0.17499999999999716 -0.8743961352657005 -0.4814126394052045 -1.0 -1.0
-0.5487269534679626 -0.4045112781954887 0.4832962138084631 -0.252336448598131 0.23928571428571388 -0.7842190016103059 -0.4776951672862455 -1.0 -1.0
-0.3459174714662083 -0.20902255639097778 0.5278396436525612 -0.28971962616822444 -0.12499999999999645 -0.8357487922705313 -0.41078066914498157 -1.0 -1.0
-0.3625987708516334 -0.31127819548872226 0.6124721603563474 -0.5202492211838007 -0.09642857142857153 -0.7938808373590982 -0.31226765799256495 -1.0 -0.41176470588235303
-0.44863915715541225 -0.5578947368421057 0.4476614699331847 -0.457943925233645 0.3357142857142854 -0.8003220611916264 -0.3550185873605949 -1.0 -0.05882352941176483
-0.4960491659350339 -0.416541353383459 0.28285077951002213 -0.11526479750778829 0.21428571428571175 -0.7648953301127215 -0.42193308550185904 -1.0 -1.0
-0.38893766461808355 -0.3293233082706766 0.31848552338530056 -0.28971962616822444 0.11071428571428754 -0.8067632850241546 -0.3754646840148701 -0.9111111111111111 -1.0
-0.5258999122036982 -0.3924812030075189 0.26948775055679275 -0.28348909657320887 0.235714285714284 -0.8164251207729469 -0.3754646840148701 -0.9301587301587302 -0.13725490196078438
-0.46005267778753023 -0.5127819548872181 0.2115812917594655 -0.1651090342679129 0.09285714285714519 -0.7745571658615137 -0.29368029739776946 -1.0 -1.0
-0.38103599648815134 -0.4315789473684215 0.2293986636971046 -0.663551401869159 0.4285714285714306 -0.8872785829307569 -0.2583643122676582 -1.0 -0.21568627450980393
0.4135206321334408 -0.07669172932330781 0.4031180400890868 -0.7694704049844237 -0.7285714285714313 -0.9742351046698873 0.15427509293680286 -1.0 -1.0
0.13696224758558628 -0.0676691729323311 0.2917594654788418 -0.45171339563862944 -0.5214285714285687 -0.9742351046698873 -0.003717472118959453 -1.0 -1.0
0.19402985074626145 -0.7834586466165416 -1.0 -0.009345794392523477 -0.15000000000000213 -0.7391304347826086 0.45167286245353155 -1.0 0.3333333333333335
0.7647058823529278 -1.0 -1.0 0.12772585669781922 -1.0 -0.8132045088566828 0.4628252788104086 0.9999999999999998 0.0980392156862746
1.0 -0.5278195488721802 -1.0 -0.5576323987538941 -0.8750000000000036 -0.961352657004831 1.0 -1.0 -0.05882352941176483
-0.028094820017543043 0.1127819548872182 -1.0 -0.5576323987538941 0.02142857142857224 -0.9677938808373591 0.13197026022304792 -1.0 -0.6862745098039216
-0.38279192273927265 -0.10075187969924837 -1.0 -0.8317757009345794 0.6571428571428584 -1.0 0.03345724907063197 -1.0 -1.0
0.35996488147497985 -0.8496240601503762 -1.0 -0.7009345794392523 0.21428571428571175 -1.0 0.7193308550185868 -1.0 -1.0
0.42581211589111945 -0.9127819548872185 -1.0 -0.7133956386292836 0.16785714285714093 -1.0 0.7713754646840147 -1.0 -1.0
0.4591747146619696 -0.42556390977443614 -1.0 -0.7632398753894081 -0.21071428571428896 -0.9806763285024155 0.6672862453531594 -1.0 -1.0
-0.31782265144863686 -0.17894736842105274 0.7060133630289531 -0.39563862928348914 -0.02142857142857224 -0.8164251207729469 -0.483271375464684 -1.0 -0.4509803921568627
-0.3573309920983263 -0.28721804511278215 0.7683741648106903 -0.4392523364485982 -0.06071428571428683 -0.8067632850241546 -0.44237918215613403 -1.0 -1.0
-0.35820895522388696 -0.19398496240601482 0.7327394209354119 -0.3520249221183801 -0.08214285714285907 -0.8357487922705313 -0.47026022304832726 -1.0 -1.0
-0.37313432835821914 -0.24511278195488728 0.7371937639198216 -0.3021806853582556 -0.10000000000000142 -0.822866344605475 -0.46468401486988853 -1.0 -0.607843137254902
-0.47936786654960883 -0.10075187969924837 0.6391982182628062 -0.052959501557632516 -0.1964285714285694 -0.7938808373590982 -0.5446096654275094 -1.0 -1.0
-0.5100965759438338 -0.22706766917293209 0.6213808463251669 -0.22741433021806856 -0.02857142857142847 -0.7906602254428341 -0.5167286245353162 -1.0 0.13725490196078427
-0.5285338015803234 -0.1488721804511277 0.5902004454342982 -0.26479750778816213 -0.05714285714285694 -0.7938808373590982 -0.529739776951673 -1.0 -1.0
-0.35996488147497985 -0.24210526315789505 0.6748329621380844 -0.3582554517133957 -0.07499999999999929 -0.8132045088566828 -0.44423791821561354 -1.0 -1.0
-0.5188762071992983 -0.33834586466165417 0.576837416481069 -0.17133956386292848 0.12499999999999645 -0.7938808373590982 -0.5167286245353162 -1.0 -0.17647058823529416
-0.4978050921861268 -0.24812030075187952 0.576837416481069 -0.25856697819314656 0.08214285714285907 -0.8196457326892109 -0.5037174721189592 -1.0 -1.0
-0.48024582967514107 -0.17293233082706738 0.5501113585746102 -0.11526479750778829 -0.03214285714285836 -0.8003220611916264 -0.5241635687732342 -1.0 -1.0
-0.06760316066726091 -0.25714285714285756 0.6391982182628062 -0.4641744548286606 0.05000000000000071 -0.8260869565217391 -0.42565055762081805 -1.0 -1.0
-0.3353819139596226 -0.33834586466165417 0.6302895322939865 -0.20872274143302183 -0.0357142857142847 -0.8132045088566828 -0.4200743494423791 -1.0 -0.5294117647058825
-0.5153643546971125 -0.33533834586466194 0.6080178173719375 -0.39563862928348914 0.05000000000000071 -0.8196457326892109 -0.41078066914498157 -1.0 -1.0
-0.15188762071994688 -0.08270676691729317 0.015590200445434244 -0.28971962616822444 -0.22142857142857508 -0.8421900161030595 -0.1784386617100373 -1.0 -0.33333333333333326
-0.16330114135206486 -0.15187969924811995 -0.069042316258352 -0.1401869158878506 -0.15357142857142492 -0.8293075684380032 -0.23048327137546476 -0.8285714285714285 -0.33333333333333326
-0.20544337137840785 -0.022556390977443996 -0.3986636971046771 -0.1651090342679129 -0.30357142857142705 -0.8743961352657005 -0.04646840148698894 -1.0 -0.2941176470588236
-0.06760316066726091 -0.09172932330827077 -0.5501113585746102 -0.33333333333333337 -0.15000000000000213 -0.893719806763285 0.06133828996282498 -1.0 -1.0
0.316066725197544 -0.10676691729323373 -1.0 -0.33333333333333337 -0.48928571428571743 -0.9388083735909822 0.4888475836431221 -1.0 -0.607843137254902
-0.38718173836699066 -0.18796992481203034 0.7728285077951 -0.44548286604361387 -0.04285714285714448 -0.8132045088566828 -0.49442379182156126 -1.0 -1.0
-0.39859525899913706 -0.1037593984962406 0.7505567928730512 -0.22118380062305298 -0.2857142857142847 -0.8260869565217391 -0.483271375464684 -1.0 -0.41176470588235303
-0.38893766461808355 -0.21804511278195537 0.7149220489977728 -0.4018691588785047 0.06071428571428683 -0.8325281803542673 -0.5000000000000002 -1.0 -1.0
-0.40825285338016215 -0.2601503759398498 0.7371937639198216 -0.37071651090342683 -0.10000000000000142 -0.822866344605475 -0.4405204460966545 -1.0 0.0980392156862746
-0.39332748024583 -0.31729323308270674 0.6926503340757237 -0.5077881619937695 0.16428571428571104 -0.8196457326892109 -0.45167286245353155 -1.0 -0.5294117647058825
-0.4767339771729553 -0.350375939849624 0.6124721603563474 -0.20249221183800625 0.12499999999999645 -0.8035426731078905 -0.5018587360594797 -1.0 -1.0
-0.5092186128182732 -0.3804511278195495 0.5679287305122493 -0.22118380062305298 0.26785714285714235 -0.78743961352657 -0.5408921933085502 -1.0 -1.0
-0.5092186128182732 -0.35639097744360937 0.5857461024498885 -0.15887850467289732 0.18928571428571317 -0.7906602254428341 -0.5241635687732342 -1.0 -1.0
-0.49517120280950166 -0.21804511278195537 0.576837416481069 -0.17757009345794406 -0.02499999999999858 -0.7809983896940419 -0.5018587360594797 -1.0 -1.0
-0.35381913959614053 -0.25714285714285756 0.6169265033407572 -0.5140186915887851 0.07857142857142918 -0.8164251207729469 -0.44609665427509304 -0.9428571428571428 -0.33333333333333326
-0.5197541703248589 -0.3624060150375943 0.5634743875278394 -0.28348909657320887 0.1428571428571459 -0.7809983896940419 -0.479553903345725 -0.9619047619047619 -0.019607843137254943
-0.4784899034240482 -0.31729323308270674 0.5456570155902005 -0.06542056074766367 0.03928571428571459 -0.78743961352657 -0.48884758364312275 -1.0 -1.0
-0.5215100965759518 -0.3203007518796994 0.4164810690423162 -0.41433021806853587 0.1285714285714299 -0.8132045088566828 -0.37174721189591087 -1.0 -0.05882352941176483
-0.3643546971027263 -0.3624060150375943 0.6347438752783963 -0.4080996884735203 -0.014285714285716011 -0.8003220611916264 -0.3959107806691451 -1.0 0.3725490196078429
-0.42581211589114787 -0.1218045112781958 0.6302895322939865 -0.4890965732087228 0.05714285714285694 -0.964573268921095 -0.41078066914498157 -1.0 -1.0
-0.5654082528533877 -0.21804511278195537 0.5723830734966591 -0.3457943925233645 0.02142857142857224 -0.8196457326892109 -0.4609665427509295 -1.0 -1.0
-0.512730465320459 -0.24511278195488728 0.5902004454342982 -0.3208722741433023 0.03214285714285836 -0.8196457326892109 -0.4405204460966545 -1.0 -0.607843137254902
-0.536435469710284 -0.5699248120300755 0.5679287305122493 -0.33956386292834895 0.10000000000000142 -0.8164251207729469 -0.42379182156133854 -1.0 -1.0
-0.5171202809482054 -0.27518796992481187 0.5367483296213809 -0.0841121495327104 -0.04642857142857082 -0.8067632850241546 -0.45167286245353155 -1.0 -0.33333333333333326
-0.11150131694469678 0.07969924812030094 0.7371937639198216 -0.663551401869159 -0.39642857142857224 -1.0 -0.24535315985130124 -1.0 -1.0
-0.417032484635655 -0.12481203007518804 0.6258351893095766 -0.7757009345794392 0.139285714285716 -0.9806763285024155 -0.34944237918215637 -1.0 -1.0
-0.5654082528533877 -0.19097744360902258 0.5144766146993318 -0.42056074766355145 0.02857142857142847 -0.8099838969404187 -0.462825278810409 -1.0 -1.0
-0.49165935030728747 -0.3593984962406016 0.5946547884187081 -0.36448598130841126 0.0 -0.8035426731078905 -0.3754646840148701 -1.0 -1.0
-0.5338015803336305 -0.30526315789473735 0.5144766146993318 -0.39563862928348914 0.1428571428571459 -0.8325281803542673 -0.4144981412639406 -1.0 -1.0
-0.5258999122036982 -0.19398496240601482 0.5100222717149221 -0.383177570093458 0.01071428571428612 -0.8325281803542673 -0.4014869888475836 -1.0 -1.0
-0.11676909569800387 -0.007518796992481924 0.6748329621380844 -0.8193146417445484 -0.29285714285714093 -0.964573268921095 -0.21561338289962828 -1.0 -1.0
-0.41966637401230855 -0.1578947368421053 0.5189309576837415 -0.23364485981308414 -0.20357142857142563 -0.8132045088566828 -0.3754646840148701 -1.0 -1.0
-0.40210711150132283 -0.1669172932330829 0.4966592427616925 -0.1651090342679129 -0.23928571428571388 -0.8164251207729469 -0.37174721189591087 -1.0 -0.6470588235294118
-0.3705004389815656 -0.21804511278195537 0.4877505567928728 -0.22118380062305298 -0.16785714285714448 -0.8196457326892109 -0.3382899628252789 -1.0 -1.0
-0.28094820017560096 -0.12481203007518804 0.576837416481069 -0.7133956386292836 0.014285714285716011 -0.9484702093397746 -0.3568773234200744 -0.9047619047619048 -0.05882352941176483
-0.03775241439859656 0.040601503759398305 0.6837416481069041 -0.6137071651090343 -0.44642857142857295 -0.9259259259259259 -0.31040892193308545 -1.0 0.4509803921568627
-0.6496927129060737 -0.013533834586466398 0.19376391982182617 0.9999999999999998 -0.9714285714285715 -0.4589371980676329 -0.9182156133828996 0.39682539682539697 -1.0
-0.297629499561026 -0.3984962406015038 -0.17594654788418707 -0.02180685358255463 0.02857142857142847 -0.8067632850241546 -0.1338289962825281 -1.0 -1.0
-0.07287093942053957 -0.7503759398496239 -0.1625835189309578 -0.20872274143302183 0.0892857142857153 -0.8486312399355878 0.11152416356877293 -1.0 -1.0
-0.09043020193152529 -0.9097744360902258 -0.23830734966592437 -0.20872274143302183 0.2964285714285708 -0.8132045088566828 0.1505576208178434 -1.0 -1.0
-0.2502194907814044 -0.42556390977443614 -1.0 -0.15264797507788175 0.40714285714285836 -0.8776167471819646 0.13382899628252742 -1.0 -1.0
-0.5162423178226447 -0.3593984962406016 -1.0 -0.04049844236760136 0.4535714285714292 -0.6876006441223832 -0.11895910780669161 -1.0 -1.0
-0.22827041264267223 -0.23609022556391013 -1.0 -0.0841121495327104 0.15000000000000213 -0.8486312399355878 0.09479553903345694 -1.0 -1.0
0.10096575943808261 -0.1849624060150381 -1.0 -0.19626168224299068 -0.139285714285716 -0.8969404186795491 0.2657992565055758 -1.0 -1.0
-0.8235294117646959 -0.31127819548872226 -1.0 0.7133956386292835 -0.7607142857142861 1.0 -0.7156133828996283 -1.0 -1.0
-0.8191395961369778 -0.31729323308270674 -1.0 0.7009345794392523 -0.6821428571428569 1.0 -0.721189591078067 -1.0 -1.0
-0.185250219490797 -0.20300751879699241 -1.0 -0.3084112149532712 -0.1285714285714299 -0.893719806763285 0.31412639405204423 -1.0 -1.0
-0.17208077260758614 -0.3624060150375943 -0.28285077951002224 0.17133956386292826 -0.15357142857142492 -0.7552334943639292 -0.20631970260223076 -0.8476190476190476 1.0
-0.11852502194906833 -0.32631578947368434 -0.8530066815144766 -0.23987538940809972 0.27857142857142847 -0.9581320450885669 0.08550185873605898 -1.0 0.0980392156862746
-0.3064091308165189 -0.016541353383458635 0.06458797327394206 -0.20872274143302183 -0.08571428571428541 -1.0 -0.23048327137546476 -1.0 -1.0
-0.2783143107989474 -0.07969924812030094 0.07349665924276172 -0.4392523364485982 0.0535714285714306 -1.0 -0.19330855018587378 -1.0 -1.0
-0.37313432835821914 0.1218045112781958 -0.00222717149220486 -0.17133956386292848 -0.08214285714285907 -1.0 -0.28810408921933095 -1.0 -1.0
-0.3529411764705799 0.010526315789473273 -0.024498886414254017 -0.14641744548286617 0.02142857142857224 -1.0 -0.2769516728624537 -1.0 -1.0
-0.838454784899028 0.1037593984962406 -0.22494432071269488 -0.22118380062305298 0.6928571428571431 -1.0 -0.5985130111524164 -1.0 -1.0
-0.32133450395085106 0.2812030075187968 -0.6525612472160356 -0.09657320872274155 -0.03928571428571459 -1.0 -0.15985130111524182 -1.0 -1.0
-0.29675153643546537 0.02857142857142847 -1.0 0.12149532710280364 0.04642857142857082 -1.0 0.013011152416356975 -1.0 -1.0
-0.2502194907814044 0.15187969924811995 -1.0 -0.8317757009345794 0.31071428571428683 -1.0 0.07620817843866146 -1.0 -1.0
-1.0 1.0 -1.0 -0.9688473520249221 1.0 -1.0 -0.7732342007434945 -1.0 -1.0
-0.9859525899912285 -0.10977443609022597 0.42538975501113585 -0.052959501557632516 0.07142857142857295 -0.43317230273752017 -1.0 -0.24444444444444458 -1.0
-0.36523266022828693 0.07969924812030094 0.4521158129175944 0.20249221183800614 -0.48571428571428754 -0.5297906602254429 -0.9330855018587361 0.0349206349206348 -1.0
0.053555750658460965 -0.1849624060150381 0.4877505567928728 -0.41433021806853587 -0.08214285714285907 -0.8067632850241546 -0.36802973977695186 -1.0 -1.0
-0.006145741878839317 0.24210526315789416 -0.020044543429844075 0.10280373831775691 -0.8392857142857117 -0.7552334943639292 -0.1951672862453533 -1.0 -1.0
0.09745390693589684 0.5218045112781953 -0.18485523385300673 -0.36448598130841126 -0.7785714285714285 -0.9001610305958132 -0.40892193308550207 0.06666666666666665 -1.0
-0.5627743634767342 -0.05263157894736814 -0.20712694877505577 -0.06542056074766367 0.17499999999999716 -1.0 -0.3977695167286246 -0.5174603174603174 -1.0
-0.5724319578577592 0.23909774436090192 -1.0 0.3021806853582554 0.23928571428571388 -1.0 -0.3810408921933086 -0.5936507936507937 -0.6470588235294118
-0.5539947322212697 0.04360902255639054 -1.0 0.557632398753894 0.30357142857142705 -0.9871175523349437 -0.3289962825278814 -0.746031746031746 -0.6470588235294118
-0.46971027216858374 0.20902255639097778 -1.0 0.06542056074766345 0.1464285714285687 -1.0 -0.42379182156133854 0.00952380952380949 -0.6862745098039216
-0.501316944688341 0.15187969924811995 -1.0 0.052959501557632294 0.24285714285714377 -1.0 -0.42565055762081805 -0.0031746031746031633 -0.7254901960784313
-0.6224758560140629 0.025563909774436233 -1.0 0.4890965732087227 0.27857142857142847 -0.9742351046698873 -0.3234200743494424 -0.6126984126984127 -0.803921568627451
-0.6128182616330093 -0.055639097744361266 -1.0 0.4018691588785046 0.22142857142857153 -0.9549114331723028 -0.2602230483271377 -0.48571428571428565 -0.9607843137254902
-0.46268656716418377 0.19398496240601482 -1.0 0.27725856697819284 0.23928571428571388 -1.0 -0.34572490706319736 -0.5809523809523809 -1.0
-0.6347673397717415 0.09774436090225613 -1.0 0.47663551401869153 0.17499999999999716 -0.9871175523349437 -0.3215613382899629 -0.5936507936507937 -1.0
-0.5662862159789483 0.28721804511278215 -1.0 0.38317757009345765 0.1571428571428548 -0.9838969404186796 -0.36802973977695186 -0.6634920634920635 -1.0
-0.6549604916593523 0.329323308270677 -1.0 0.22118380062305287 0.31785714285714306 -1.0 -0.45910780669145 -0.6000000000000001 -1.0
-0.5276558384547911 -0.6330827067669178 -1.0 -0.4392523364485982 0.917857142857148 -0.13043478260869568 -0.34944237918215637 -1.0 -1.0
-0.6496927129060737 0.23909774436090192 -1.0 0.3271028037383177 0.39642857142857224 -1.0 -0.44981412639405205 -0.6444444444444444 -1.0
-0.5232660228270731 0.22406015037593985 -1.0 0.05919003115264787 0.17857142857142705 -1.0 -0.47026022304832726 0.08571428571428563 -1.0
-0.5592625109745484 0.26917293233082695 -1.0 0.23364485981308403 0.2464285714285701 -1.0 -0.39033457249070636 -0.5746031746031746 -1.0
-0.45829675153643734 0.26917293233082695 -1.0 -0.05919003115264809 0.13571428571428257 -1.0 -0.40892193308550207 -0.015873015873015928 -1.0
-0.5346795434591627 0.2661654135338347 -1.0 -0.015576323987539054 0.17857142857142705 -1.0 -0.3977695167286246 -0.12380952380952392 -1.0
-0.37137840210712625 0.10075187969924837 -1.0 -0.04672897196261694 0.0892857142857153 -0.5458937198067633 -0.8066914498141264 0.8285714285714283 -1.0
-0.5390693590869375 0.09473684210526301 -1.0 0.5264797507788161 0.08571428571428541 -1.0 -0.2527881040892197 -0.6571428571428571 -1.0
-0.5539947322212697 0.025563909774436233 -1.0 0.613707165109034 0.0 -0.9742351046698873 -0.30297397769516743 -0.32698412698412693 -1.0
-0.4995610184372197 0.26015037593984935 -1.0 0.05919003115264787 0.16071428571428825 -1.0 -0.44795539033457255 0.00952380952380949 -1.0
-0.1659350307287184 0.09172932330827077 -1.0 0.0778816199376946 0.2892857142857146 -1.0 -0.4405204460966545 0.04126984126984112 -1.0
-0.529411764705884 0.09774436090225613 -1.0 0.028037383177569986 0.35714285714285765 -1.0 -0.43308550185873607 -0.0031746031746031633 -1.0
-0.4767339771729553 0.05263157894736814 -1.0 0.11526479750778806 0.26785714285714235 -1.0 -0.40706319702602256 0.0603174603174601 -1.0
