299 12 2
1.1909486680474 -0.869646858256809 0.000165451017422752 -0.846160835637215 -1.52799792036288 1.35699658057808 0.0167883395275807 0.489236807747317 -1.50151890511964 0.734456912168546 -0.686530973206492 -1.62677521164783
-0.490457050657392 -0.869646858256809 7.50206271748166 -0.846160835637215 -0.00706490623433922 -0.734456912168546 7.52304818605185e-09 -0.284076113769621 -0.141738533698826 0.734456912168546 -0.686530973206492 -1.60100673377738
0.350245808695003 -0.869646858256809 -0.449185724718036 -0.846160835637215 -1.52799792036288 -0.734456912168546 -1.0363357714287 -0.0907478833903866 -1.72814896702311 0.734456912168546 1.45172695375956 -1.58812249484215
-0.910808480333589 1.14604624731518 -0.485257493412396 -0.846160835637215 -1.52799792036288 -0.734456912168546 -0.54555948671121 0.489236807747317 0.084891528204643 0.734456912168546 -0.686530973206492 -1.58812249484215
0.350245808695003 1.14604624731518 -0.434757017240292 1.177855883207 -1.52799792036288 -0.734456912168546 0.650707707287672 1.26254972926426 -4.6743397717682 -1.35699658057808 -0.686530973206492 -1.57523825590692
2.45200295707599 1.14604624731518 -0.551217299024941 -0.846160835637215 0.161927650891055 1.35699658057808 -0.606906522300896 0.682565038126552 -1.0482587813127 0.734456912168546 1.45172695375956 -1.57523825590692
1.1909486680474 1.14604624731518 -0.346123528448436 -0.846160835637215 -1.95047931317637 -0.734456912168546 -1.3941934790352 -0.187411998580004 0.084891528204643 0.734456912168546 -0.686530973206492 -1.54946977803647
-0.070105620981194 1.14604624731518 -0.275010613022411 1.177855883207 1.85185322214499 -0.734456912168546 1.9492199606027 -0.284076113769621 -1.27488884321617 0.734456912168546 1.45172695375956 -1.54946977803647
0.350245808695003 -0.869646858256809 -0.43784888312838 -0.846160835637215 2.27433461495848 -0.734456912168546 7.52304818605185e-09 0.102580346988848 0.311521590108112 -1.35699658057808 -0.686530973206492 -1.54946977803647
1.6113000977236 1.14604624731518 -0.472890029860044 -0.846160835637215 -0.26055374192243 1.35699658057808 1.27440256911615 7.73904544696861 -0.821628719409233 0.734456912168546 1.45172695375956 -1.54946977803647
1.1909486680474 1.14604624731518 -0.516176152293277 -0.846160835637215 -0.00706490623433922 1.35699658057808 1.06991245048386 2.51918322672928 -1.27488884321617 0.734456912168546 1.45172695375956 -1.54946977803647
0.098034950889285 -0.869646858256809 -0.361582857888876 -0.846160835637215 -1.1055165275494 1.35699658057808 -0.105905731651792 -0.477404344148856 0.76478171391505 0.734456912168546 1.45172695375956 -1.54946977803647
-1.33115991000979 1.14604624731518 0.41138361413313 -0.846160835637215 -0.683035134735914 -0.734456912168546 -1.30217292565067 -0.284076113769621 0.084891528204643 0.734456912168546 -0.686530973206492 -1.53658553910124
-0.910808480333589 1.14604624731518 -0.426512041538724 -0.846160835637215 -0.00706490623433922 1.35699658057808 0.129257904775339 -0.284076113769621 0.084891528204643 0.734456912168546 -0.686530973206492 -1.53658553910124
-0.994878766268829 1.14604624731518 -0.517206774255973 -0.846160835637215 -0.683035134735914 1.35699658057808 1.67315830044911 -0.380740228959238 0.311521590108112 -1.35699658057808 -0.686530973206492 -1.52370130016601
1.77944066959408 1.14604624731518 -0.209050807409867 -0.846160835637215 1.00689043651802 -0.734456912168546 -2.21215395356435 -0.0907478833903866 -0.141738533698826 0.734456912168546 -0.686530973206492 -1.51081706123079
2.19979209927027 1.14604624731518 -0.446093858829948 -0.846160835637215 -0.00706490623433922 -0.734456912168546 -0.0138851782672624 -0.477404344148856 0.76478171391505 0.734456912168546 -0.686530973206492 -1.49793282229556
-1.33115991000979 -0.869646858256809 0.000165451017422752 -0.846160835637215 -2.03497559173906 -0.734456912168546 -0.995437747702242 -0.574068459338473 -2.18140909083005 0.734456912168546 -0.686530973206492 -1.49793282229556
0.770597238371201 1.14604624731518 -0.470828785934652 -0.846160835637215 -1.1055165275494 1.35699658057808 -0.269497826557622 -0.380740228959238 0.76478171391505 -1.35699658057808 -0.686530973206492 -1.48504858336033
-1.07894905220407 1.14604624731518 0.000165451017422752 1.177855883207 1.42937182933151 -0.734456912168546 -1.80317371629978 0.489236807747317 -3.54118946225086 -1.35699658057808 -0.686530973206492 -1.48504858336033
0.350245808695003 1.14604624731518 -0.546064189211461 -0.846160835637215 -1.1055165275494 1.35699658057808 0.129257904775339 -0.0907478833903866 0.084891528204643 -1.35699658057808 -0.686530973206492 -1.4721643444251
0.350245808695003 1.14604624731518 -0.467736920046564 1.177855883207 -0.683035134735914 1.35699658057808 0.343972529339241 0.199244462178465 -0.141738533698826 -1.35699658057808 -0.686530973206492 -1.4206273886842
0.602456666500722 1.14604624731518 -0.372919699478532 -0.846160835637215 -0.26055374192243 1.35699658057808 0.262176481886326 -0.477404344148856 0.76478171391505 0.734456912168546 1.45172695375956 -1.4206273886842
-0.658597622527871 -0.869646858256809 -0.534727347621805 1.177855883207 1.85185322214499 -0.734456912168546 1.06991245048386 -0.574068459338473 -0.368368595602295 0.734456912168546 -0.686530973206492 -1.39485891081374
1.1909486680474 -0.869646858256809 0.000165451017422752 1.177855883207 -0.683035134735914 1.35699658057808 7.52304818605185e-09 0.421571927114585 -0.594998657505764 -1.35699658057808 -0.686530973206492 -1.38197467187851
1.6113000977236 -0.869646858256809 -0.447124480792644 1.177855883207 -0.00706490623433922 -0.734456912168546 -1.16925434853969 0.489236807747317 1.67130196152893 0.734456912168546 1.45172695375956 -1.38197467187851
2.87235438675219 1.14604624731518 -0.484226871449701 -0.846160835637215 0.161927650891055 1.35699658057808 -0.688702569753811 -0.380740228959238 0.311521590108112 -1.35699658057808 -0.686530973206492 -1.36909043294329
0.770597238371201 -0.869646858256809 -0.47392065182274 1.177855883207 0.584409043704539 1.35699658057808 0.211053952228254 -0.0907478833903866 -0.141738533698826 0.734456912168546 1.45172695375956 -1.34332195507283
-0.238246192851673 1.14604624731518 -0.537819213509893 -0.846160835637215 -0.00706490623433922 -0.734456912168546 -1.12835632481323 4.25913730014239 -0.594998657505764 0.734456912168546 -0.686530973206492 -1.34332195507283
1.77944066959408 -0.869646858256809 -0.527512993882933 1.177855883207 -0.683035134735914 -0.734456912168546 -0.647804546027353 -0.187411998580004 -1.0482587813127 0.734456912168546 1.45172695375956 -1.34332195507283
2.78828410081695 -0.869646858256809 0.000165451017422752 1.177855883207 -0.00706490623433922 1.35699658057808 7.52304818605185e-09 0.421571927114585 -0.594998657505764 0.734456912168546 -0.686530973206492 -1.3304377161376
2.03165152739979 -0.869646858256809 -0.575952226129645 -0.846160835637215 0.584409043704539 -0.734456912168546 0.988116403030946 1.55254207483311 -1.0482587813127 0.734456912168546 -0.686530973206492 -1.31755347720238
-0.910808480333589 1.14604624731518 -0.343031662560348 1.177855883207 -0.26055374192243 1.35699658057808 0.568911659834757 -0.380740228959238 -1.95477902892658 -1.35699658057808 -0.686530973206492 -1.31755347720238
-0.910808480333589 1.14604624731518 -0.435787639202988 1.177855883207 -0.683035134735914 -0.734456912168546 0.395095058997312 -0.187411998580004 0.311521590108112 -1.35699658057808 -0.686530973206492 -1.30466923826715
0.350245808695003 -0.869646858256809 -0.502778066778229 1.177855883207 1.00689043651802 1.35699658057808 -0.770498617206726 -0.380740228959238 0.76478171391505 0.734456912168546 -0.686530973206492 -1.30466923826715
0.686526952435962 -0.869646858256809 0.000165451017422752 1.177855883207 -0.26055374192243 -0.734456912168546 -0.361518379942151 2.03586265078119 -0.594998657505764 0.734456912168546 -0.686530973206492 -1.29178499933192
2.45200295707599 1.14604624731518 -0.537819213509893 1.177855883207 1.00689043651802 -0.734456912168546 -0.38196739180538 -0.380740228959238 -0.594998657505764 0.734456912168546 -0.686530973206492 -1.29178499933192
1.77944066959408 1.14604624731518 0.281525246833433 1.177855883207 1.00689043651802 1.35699658057808 0.589360671697985 -0.380740228959238 1.89793202343239 -1.35699658057808 -0.686530973206492 -1.29178499933192
-0.070105620981194 -0.869646858256809 2.13767540164894 1.177855883207 -0.683035134735914 -0.734456912168546 0.425768576792156 0.875893268505786 0.084891528204643 0.734456912168546 -0.686530973206492 -1.29178499933192
-0.070105620981194 -0.869646858256809 -0.357460370038092 1.177855883207 -0.00706490623433922 -0.734456912168546 0.6711567191509 1.55254207483311 1.21804183772199 -1.35699658057808 -0.686530973206492 -1.29178499933192
0.770597238371201 -0.869646858256809 0.000165451017422752 -0.846160835637215 -1.52799792036288 1.35699658057808 7.52304818605185e-09 0.421571927114585 -0.594998657505764 0.734456912168546 1.45172695375956 -1.27890076039669
-0.910808480333589 -0.869646858256809 -0.471859407897348 1.177855883207 -0.683035134735914 1.35699658057808 -1.12835632481323 -0.187411998580004 -0.141738533698826 -1.35699658057808 1.45172695375956 -1.26601652146147
0.770597238371201 -0.869646858256809 -0.0111713905722333 1.177855883207 0.584409043704539 1.35699658057808 -0.801172135001569 -0.187411998580004 0.538151652011581 0.734456912168546 1.45172695375956 -1.25313228252624
0.93873781024168 -0.869646858256809 -0.46876754200926 1.177855883207 1.00689043651802 1.35699658057808 -0.463763439258295 -0.380740228959238 -0.594998657505764 0.734456912168546 -0.686530973206492 -1.25313228252624
-0.070105620981194 1.14604624731518 0.00634918279359879 1.177855883207 1.85185322214499 -0.734456912168546 -0.709151581617039 -0.284076113769621 1.21804183772199 -1.35699658057808 -0.686530973206492 -1.25313228252624
-0.910808480333589 -0.869646858256809 0.000165451017422752 1.177855883207 -0.00706490623433922 -0.734456912168546 0.476891106450227 0.489236807747317 -0.368368595602295 0.734456912168546 1.45172695375956 -1.22736380465579
-0.82673819439835 -0.869646858256809 0.822601777248836 -0.846160835637215 -1.1055165275494 1.35699658057808 0.078135375117267 -0.477404344148856 -1.50151890511964 0.734456912168546 -0.686530973206492 -1.1887110878501
-0.070105620981194 -0.869646858256809 0.000165451017422752 1.177855883207 -0.00706490623433922 1.35699658057808 1.91854644280785 -0.767396689717707 0.311521590108112 0.734456912168546 1.45172695375956 -1.16294260997965
1.6113000977236 1.14604624731518 -0.0297225859007614 -0.846160835637215 -1.52799792036288 1.35699658057808 -1.26127490192422 2.90583968748775 -0.821628719409233 0.734456912168546 -0.686530973206492 -1.15005837104442
-0.322316478786913 1.14604624731518 -0.466706298083868 -0.846160835637215 -0.683035134735914 -0.734456912168546 1.34597411063745 -0.380740228959238 0.76478171391505 -1.35699658057808 -0.686530973206492 -1.13717413210919
0.602456666500722 1.14604624731518 -0.00498765879605728 -0.846160835637215 -1.1055165275494 1.35699658057808 -0.995437747702242 -0.380740228959238 0.311521590108112 0.734456912168546 -0.686530973206492 -1.12428989317397
-0.658597622527871 1.14604624731518 -0.505869932666317 -0.846160835637215 -1.52799792036288 1.35699658057808 1.58113774706458 0.00591623179923058 0.538151652011581 -1.35699658057808 -0.686530973206492 -1.12428989317397
-0.070105620981194 -0.869646858256809 3.48572892885532 1.177855883207 2.02084577927039 -0.734456912168546 7.52304818605185e-09 5.22577845203856 2.12456208533586 -1.35699658057808 -0.686530973206492 -1.12428989317397
0.770597238371201 1.14604624731518 -0.528543615845629 1.177855883207 1.00689043651802 1.35699658057808 0.896095849646416 -0.380740228959238 -0.594998657505764 -1.35699658057808 -0.686530973206492 -1.11140565423874
-0.070105620981194 1.14604624731518 -0.331694820970691 1.177855883207 -0.00706490623433922 -0.734456912168546 -0.0854567197885629 0.779229153316169 -1.0482587813127 -1.35699658057808 1.45172695375956 -1.09852141530351
2.87235438675219 1.14604624731518 -0.217295783111435 -0.846160835637215 -0.683035134735914 -0.734456912168546 2.020791502124 0.585900922936934 -1.0482587813127 0.734456912168546 -0.686530973206492 -1.03410022062738
0.770597238371201 1.14604624731518 -0.522359884069453 -0.846160835637215 -0.26055374192243 -0.734456912168546 -0.412640909600223 1.26254972926426 0.311521590108112 0.734456912168546 1.45172695375956 -0.982563264886466
-0.070105620981194 1.14604624731518 0.0259310000848229 -0.846160835637215 0.161927650891055 -0.734456912168546 -0.484212451121523 -0.767396689717707 0.311521590108112 0.734456912168546 1.45172695375956 -0.982563264886466
-0.994878766268829 -0.869646858256809 0.213504197295496 -0.846160835637215 -1.52799792036288 1.35699658057808 0.568911659834757 -0.284076113769621 -0.141738533698826 0.734456912168546 1.45172695375956 -0.969679025951239
0.93873781024168 -0.869646858256809 -0.224510136850307 1.177855883207 -1.52799792036288 1.35699658057808 -0.0956812257201773 -0.0907478833903866 -0.141738533698826 0.734456912168546 1.45172695375956 -0.91814207021033
-1.33115991000979 -0.869646858256809 7.33819382541299 1.177855883207 -1.1055165275494 1.35699658057808 1.29485158097938 -0.380740228959238 0.538151652011581 0.734456912168546 -0.686530973206492 -0.905257831275102
-0.910808480333589 -0.869646858256809 -0.271918747134323 -0.846160835637215 0.161927650891055 1.35699658057808 -0.484212451121523 0.875893268505786 -1.27488884321617 -1.35699658057808 -0.686530973206492 -0.905257831275102
-0.490457050657392 -0.869646858256809 -0.487318737337789 -0.846160835637215 -0.26055374192243 -0.734456912168546 -0.0956812257201773 -0.284076113769621 0.538151652011581 0.734456912168546 1.45172695375956 -0.905257831275102
-1.33115991000979 -0.869646858256809 0.000165451017422752 -0.846160835637215 -0.26055374192243 -0.734456912168546 1.24372905132131 -0.380740228959238 1.89793202343239 0.734456912168546 -0.686530973206492 -0.892373592339875
-1.33115991000979 -0.869646858256809 0.000165451017422752 -0.846160835637215 3.54177879339893 -0.734456912168546 7.52304818605185e-09 -0.206744821617927 0.084891528204643 -1.35699658057808 -0.686530973206492 -0.86660511446942
-0.070105620981194 -0.869646858256809 -0.529574237808325 -0.846160835637215 -1.52799792036288 -0.734456912168546 -1.47598952648812 1.45587795964349 -2.18140909083005 0.734456912168546 1.45172695375956 -0.853720875534193
-1.58337076781551 1.14604624731518 -0.342001040597652 1.177855883207 -1.95047931317637 -0.734456912168546 -0.514885968916366 -0.0907478833903866 -0.141738533698826 -1.35699658057808 -0.686530973206492 -0.840836636598966
0.93873781024168 1.14604624731518 -0.486288115375093 -0.846160835637215 -1.1055165275494 -0.734456912168546 0.10880889291211 -0.380740228959238 0.76478171391505 0.734456912168546 1.45172695375956 -0.840836636598966
0.770597238371201 -0.869646858256809 -0.433726395277596 -0.846160835637215 -1.1055165275494 -0.734456912168546 -0.197926285036321 -0.187411998580004 1.21804183772199 -1.35699658057808 -0.686530973206492 -0.827952397663739
0.350245808695003 -0.869646858256809 -0.483196249487005 1.177855883207 -1.1055165275494 -0.734456912168546 2.38887371566211 0.421571927114585 -0.368368595602295 0.734456912168546 -0.686530973206492 -0.815068158728511
-1.66744105375074 -0.869646858256809 -0.447124480792644 -0.846160835637215 0.161927650891055 -0.734456912168546 1.13125948607355 -0.574068459338473 0.76478171391505 0.734456912168546 1.45172695375956 -0.802183919793284
-0.238246192851673 -0.869646858256809 0.000165451017422752 1.177855883207 -0.26055374192243 -0.734456912168546 -1.44531600869327 -0.477404344148856 0.538151652011581 0.734456912168546 1.45172695375956 -0.763531202987602
2.03165152739979 -0.869646858256809 5.46246185330626 -0.846160835637215 -0.26055374192243 -0.734456912168546 -0.208150790967935 -0.380740228959238 -1.0482587813127 0.734456912168546 1.45172695375956 -0.750646964052375
0.350245808695003 -0.869646858256809 -0.368797211627748 1.177855883207 1.00689043651802 -0.734456912168546 -1.16925434853969 -0.0907478833903866 0.084891528204643 0.734456912168546 1.45172695375956 -0.750646964052375
0.686526952435962 -0.869646858256809 0.000165451017422752 -0.846160835637215 -1.52799792036288 -0.734456912168546 0.0270128454591951 -0.187411998580004 -0.594998657505764 0.734456912168546 1.45172695375956 -0.737762725117147
-0.070105620981194 1.14604624731518 -0.551217299024941 -0.846160835637215 -1.52799792036288 -0.734456912168546 -0.606906522300896 -0.67073257452809 0.538151652011581 0.734456912168546 1.45172695375956 -0.737762725117147
0.770597238371201 -0.869646858256809 -0.504839310703621 -0.846160835637215 1.85185322214499 1.35699658057808 0.548462647971528 -0.574068459338473 0.76478171391505 -1.35699658057808 1.45172695375956 -0.72487848618192
-1.58337076781551 -0.869646858256809 -0.494533091076661 1.177855883207 0.161927650891055 -0.734456912168546 -0.269497826557622 -0.187411998580004 0.76478171391505 0.734456912168546 -0.686530973206492 -0.72487848618192
1.1909486680474 1.14604624731518 -0.390440272844364 1.177855883207 -0.00706490623433922 1.35699658057808 0.200829446296639 -0.767396689717707 -1.27488884321617 0.734456912168546 1.45172695375956 -0.72487848618192
-0.490457050657392 -0.869646858256809 -0.253367551805795 -0.846160835637215 0.584409043704539 1.35699658057808 0.620034189492829 -0.477404344148856 0.76478171391505 -1.35699658057808 -0.686530973206492 -0.72487848618192
0.770597238371201 -0.869646858256809 -0.528543615845629 -0.846160835637215 0.161927650891055 -0.734456912168546 0.303074505612783 0.295908577368082 -0.141738533698826 -1.35699658057808 -0.686530973206492 -0.711994247246693
0.518386380565483 -0.869646858256809 0.000165451017422752 -0.846160835637215 1.00689043651802 -0.734456912168546 7.52304818605185e-09 -0.206744821617927 0.084891528204643 0.734456912168546 1.45172695375956 -0.699110008311465
-0.070105620981194 1.14604624731518 -0.521329262106757 1.177855883207 -1.1055165275494 -0.734456912168546 -0.688702569753811 1.06922149888502 -1.0482587813127 -1.35699658057808 -0.686530973206492 -0.686225769376238
1.52722981178836 1.14604624731518 -0.542972323323373 -0.846160835637215 1.00689043651802 1.35699658057808 -0.934090712112556 0.3925726925577 -0.821628719409233 0.734456912168546 -0.686530973206492 -0.673341530441011
-0.154175906916434 1.14604624731518 -0.311082381716771 1.177855883207 -1.1055165275494 1.35699658057808 0.395095058997312 -0.380740228959238 0.991411775818519 -1.35699658057808 -0.686530973206492 -0.673341530441011
-0.82673819439835 -0.869646858256809 -0.519268018181365 -0.846160835637215 1.00689043651802 -0.734456912168546 1.45844367588521 -0.67073257452809 0.76478171391505 0.734456912168546 -0.686530973206492 -0.660457291505783
-0.490457050657392 -0.869646858256809 -0.551217299024941 -0.846160835637215 -0.26055374192243 1.35699658057808 -0.923866206180941 -0.284076113769621 0.084891528204643 0.734456912168546 -0.686530973206492 -0.660457291505783
0.350245808695003 1.14604624731518 -0.529574237808325 1.177855883207 1.85185322214499 1.35699658057808 0.415544070860541 -0.574068459338473 0.76478171391505 0.734456912168546 -0.686530973206492 -0.660457291505783
-1.41523019594503 -0.869646858256809 -0.513084286405189 1.177855883207 0.161927650891055 1.35699658057808 -0.28994683842085 -0.67073257452809 0.538151652011581 0.734456912168546 -0.686530973206492 -0.660457291505783
-0.322316478786913 1.14604624731518 -0.481135005561612 -0.846160835637215 -1.1055165275494 1.35699658057808 -0.842070158728026 -0.284076113769621 1.67130196152893 0.734456912168546 -0.686530973206492 -0.660457291505783
0.770597238371201 -0.869646858256809 -0.531635481733717 1.177855883207 0.584409043704539 -0.734456912168546 -0.146803755378249 -0.574068459338473 -0.141738533698826 0.734456912168546 1.45172695375956 -0.647573052570556
-0.070105620981194 -0.869646858256809 0.324811369266665 1.177855883207 0.584409043704539 -0.734456912168546 0.343972529339241 -0.380740228959238 -0.821628719409233 0.734456912168546 -0.686530973206492 -0.647573052570556
-1.58337076781551 -0.869646858256809 0.000165451017422752 -0.846160835637215 1.85185322214499 -0.734456912168546 7.52304818605185e-09 -0.206744821617927 0.084891528204643 -1.35699658057808 -0.686530973206492 -0.621804574700101
-0.070105620981194 1.14604624731518 -0.440940749016468 -0.846160835637215 -1.1055165275494 -0.734456912168546 -0.54555948671121 0.295908577368082 -0.368368595602295 0.734456912168546 -0.686530973206492 -0.621804574700101
-0.238246192851673 -0.869646858256809 -0.451246968643428 1.177855883207 -0.00706490623433922 1.35699658057808 0.650707707287672 -0.67073257452809 1.21804183772199 -1.35699658057808 -0.686530973206492 -0.608920335764874
-0.238246192851673 1.14604624731518 -0.462583810233084 -0.846160835637215 1.85185322214499 1.35699658057808 -0.45353893332668 -0.380740228959238 0.991411775818519 0.734456912168546 -0.686530973206492 -0.608920335764874
0.182105236824524 1.14604624731518 -0.0699168424459057 1.177855883207 -1.1055165275494 1.35699658057808 -0.0956812257201773 -0.0907478833903866 -0.594998657505764 0.734456912168546 -0.686530973206492 -0.608920335764874
0.770597238371201 1.14604624731518 -0.538849835472589 -0.846160835637215 1.85185322214499 -0.734456912168546 -0.0854567197885629 -0.284076113769621 -0.141738533698826 -1.35699658057808 -0.686530973206492 -0.583151857894419
-0.070105620981194 1.14604624731518 -0.438879505091076 1.177855883207 -1.1055165275494 1.35699658057808 0.558687153903142 -0.187411998580004 0.084891528204643 -1.35699658057808 -0.686530973206492 -0.583151857894419
0.182105236824524 1.14604624731518 -0.536788591547197 1.177855883207 0.161927650891055 -0.734456912168546 -0.433089921463451 -0.284076113769621 0.76478171391505 -1.35699658057808 -0.686530973206492 -0.570267618959192
0.350245808695003 1.14604624731518 -0.285316832649371 -0.846160835637215 -1.1055165275494 -0.734456912168546 0.354197035270855 -0.284076113769621 0.991411775818519 0.734456912168546 -0.686530973206492 -0.557383380023965
1.1909486680474 -0.869646858256809 0.000165451017422752 -0.846160835637215 0.584409043704539 1.35699658057808 7.52304818605185e-09 -0.206744821617927 0.084891528204643 0.734456912168546 -0.686530973206492 -0.557383380023965
1.6113000977236 -0.869646858256809 0.325841991229361 -0.846160835637215 -1.1055165275494 -0.734456912168546 -1.16925434853969 -0.284076113769621 1.67130196152893 0.734456912168546 1.45172695375956 -0.557383380023965
-1.58337076781551 -0.869646858256809 4.76885327241185 -0.846160835637215 -0.683035134735914 -0.734456912168546 -0.38196739180538 -0.380740228959238 0.76478171391505 0.734456912168546 1.45172695375956 -0.557383380023965
-0.070105620981194 -0.869646858256809 -0.545033567248765 -0.846160835637215 1.00689043651802 1.35699658057808 0.231502964091482 0.875893268505786 1.44467189962546 -1.35699658057808 -0.686530973206492 -0.557383380023965
0.93873781024168 1.14604624731518 -0.261612527507363 -0.846160835637215 -0.683035134735914 1.35699658057808 3.6567124511823 0.295908577368082 0.311521590108112 -1.35699658057808 1.45172695375956 -0.544499141088737
-0.490457050657392 -0.869646858256809 0.17124869682496 -0.846160835637215 0.584409043704539 -0.734456912168546 -0.00366067233564799 -0.0907478833903866 0.084891528204643 0.734456912168546 -0.686530973206492 -0.544499141088737
-1.33115991000979 1.14604624731518 1.33379027074606 1.177855883207 -0.26055374192243 -0.734456912168546 -0.38196739180538 -0.477404344148856 0.311521590108112 0.734456912168546 -0.686530973206492 -0.544499141088737
0.182105236824524 -0.869646858256809 0.365005625811809 -0.846160835637215 -0.00706490623433922 -0.734456912168546 0.415544070860541 -0.284076113769621 -0.821628719409233 0.734456912168546 1.45172695375956 -0.544499141088737
-1.33115991000979 -0.869646858256809 -0.298714918164419 1.177855883207 -0.26055374192243 -0.734456912168546 5.99812430952199 -0.0907478833903866 1.21804183772199 0.734456912168546 1.45172695375956 -0.544499141088737
2.03165152739979 -0.869646858256809 -0.466706298083868 -0.846160835637215 1.85185322214499 -0.734456912168546 0.43599308272377 -0.187411998580004 -1.0482587813127 0.734456912168546 1.45172695375956 -0.518730663218283
-0.490457050657392 -0.869646858256809 -0.537819213509893 -0.846160835637215 -0.26055374192243 -0.734456912168546 -0.361518379942151 -0.187411998580004 -0.368368595602295 0.734456912168546 1.45172695375956 -0.518730663218283
-0.910808480333589 -0.869646858256809 -0.219357027036827 1.177855883207 -1.1055165275494 -0.734456912168546 -0.116130237583406 0.199244462178465 -0.141738533698826 0.734456912168546 -0.686530973206492 -0.518730663218283
0.770597238371201 1.14604624731518 -0.452277590606124 -0.846160835637215 1.85185322214499 -0.734456912168546 0.896095849646416 -0.0907478833903866 0.084891528204643 -1.35699658057808 -0.686530973206492 -0.518730663218283
-0.070105620981194 1.14604624731518 0.177432428601136 1.177855883207 0.161927650891055 1.35699658057808 0.660932213219286 -0.187411998580004 -2.40803915273351 0.734456912168546 -0.686530973206492 -0.505846424283055
-0.238246192851673 1.14604624731518 -0.187407746193251 -0.846160835637215 0.161927650891055 -0.734456912168546 -1.01588675956547 -0.380740228959238 0.538151652011581 -1.35699658057808 -0.686530973206492 -0.505846424283055
-0.070105620981194 1.14604624731518 -0.500716822852837 1.177855883207 1.85185322214499 1.35699658057808 0.078135375117267 -0.67073257452809 -0.141738533698826 -1.35699658057808 -0.686530973206492 -0.467193707477373
2.03165152739979 1.14604624731518 -0.494533091076661 -0.846160835637215 1.85185322214499 -0.734456912168546 2.49111877497826 1.74587030521234 0.311521590108112 -1.35699658057808 -0.686530973206492 -0.467193707477373
0.350245808695003 1.14604624731518 -0.483196249487005 1.177855883207 1.85185322214499 1.35699658057808 -0.61713102823251 -0.477404344148856 0.76478171391505 -1.35699658057808 -0.686530973206492 -0.467193707477373
2.11572181333503 -0.869646858256809 0.000165451017422752 -0.846160835637215 -0.00706490623433922 -0.734456912168546 7.52304818605185e-09 0.421571927114585 -0.594998657505764 -1.35699658057808 -0.686530973206492 -0.454309468542146
-0.070105620981194 1.14604624731518 0.159911855235304 -0.846160835637215 1.85185322214499 1.35699658057808 -0.54555948671121 0.102580346988848 -0.368368595602295 0.734456912168546 1.45172695375956 -0.454309468542146
0.434316094630243 1.14604624731518 -0.529574237808325 1.177855883207 -0.00706490623433922 1.35699658057808 -1.0363357714287 -0.380740228959238 -0.141738533698826 -1.35699658057808 -0.686530973206492 -0.454309468542146
-0.070105620981194 -0.869646858256809 -0.500716822852837 1.177855883207 -0.00706490623433922 -0.734456912168546 -0.361518379942151 -0.622400516933282 0.76478171391505 -1.35699658057808 -0.686530973206492 -0.454309468542146
-0.070105620981194 1.14604624731518 0.000165451017422752 -0.846160835637215 -0.683035134735914 1.35699658057808 -1.3941934790352 -0.477404344148856 1.89793202343239 -1.35699658057808 -0.686530973206492 -0.454309468542146
-0.070105620981194 -0.869646858256809 0.000165451017422752 -0.846160835637215 0.161927650891055 -0.734456912168546 -0.473987945189909 2.22919088116043 -0.594998657505764 0.734456912168546 -0.686530973206492 -0.441425229606919
-1.49930048188027 1.14604624731518 -0.230693868626483 -0.846160835637215 1.00689043651802 -0.734456912168546 -0.269497826557622 -0.0907478833903866 -0.368368595602295 -1.35699658057808 -0.686530973206492 -0.428540990671691
-1.24708962407455 -0.869646858256809 -0.426512041538724 1.177855883207 -1.78148675605097 1.35699658057808 0.078135375117267 0.682565038126552 -2.86129927654045 -1.35699658057808 -0.686530973206492 -0.38988827386601
-0.238246192851673 1.14604624731518 -0.393532138732452 1.177855883207 1.85185322214499 -0.734456912168546 0.374646047134084 -0.574068459338473 0.084891528204643 -1.35699658057808 -0.686530973206492 -0.3383513181251
0.0139646649540455 -0.869646858256809 -0.344062284523044 -0.846160835637215 -0.683035134735914 1.35699658057808 0.0372373513908095 -0.67073257452809 -0.141738533698826 0.734456912168546 1.45172695375956 -0.3383513181251
-0.658597622527871 1.14604624731518 -0.321388601343731 1.177855883207 -0.26055374192243 -0.734456912168546 -0.371742885873765 1.93919853559158 1.89793202343239 0.734456912168546 -0.686530973206492 -0.325467079189873
-0.658597622527871 1.14604624731518 1.26370797728273 -0.846160835637215 1.85185322214499 1.35699658057808 -0.146803755378249 -0.67073257452809 0.311521590108112 0.734456912168546 1.45172695375956 -0.312582840254646
-0.070105620981194 1.14604624731518 0.515476432365426 1.177855883207 0.584409043704539 -0.734456912168546 -0.136579249446635 4.54912964571124 -1.27488884321617 0.734456912168546 -0.686530973206492 -0.299698601319418
-1.24708962407455 -0.869646858256809 0.141360659906776 -0.846160835637215 0.161927650891055 1.35699658057808 7.52304818605185e-09 -0.206744821617927 0.084891528204643 -1.35699658057808 -0.686530973206492 -0.299698601319418
0.182105236824524 -0.869646858256809 -0.400746492471324 -0.846160835637215 1.85185322214499 1.35699658057808 0.323523517476012 -0.0907478833903866 1.89793202343239 0.734456912168546 1.45172695375956 -0.299698601319418
1.69537038365884 -0.869646858256809 4.07936717936822 -0.846160835637215 -0.26055374192243 -0.734456912168546 -0.330844862147308 -0.206744821617927 0.084891528204643 0.734456912168546 1.45172695375956 -0.299698601319418
1.1909486680474 -0.869646858256809 0.000165451017422752 -0.846160835637215 0.161927650891055 -0.734456912168546 7.52304818605185e-09 -0.206744821617927 0.084891528204643 0.734456912168546 -0.686530973206492 -0.299698601319418
0.350245808695003 1.14604624731518 -0.538849835472589 1.177855883207 1.85185322214499 -0.734456912168546 -0.934090712112556 -0.477404344148856 0.084891528204643 -1.35699658057808 -0.686530973206492 -0.299698601319418
0.602456666500722 1.14604624731518 0.0661252566299672 -0.846160835637215 -1.1055165275494 -0.734456912168546 0.425768576792156 0.682565038126552 -1.50151890511964 0.734456912168546 -0.686530973206492 -0.286814362384191
0.098034950889285 -0.869646858256809 -0.310051759754075 1.177855883207 -0.26055374192243 -0.734456912168546 -0.433089921463451 -0.380740228959238 -0.141738533698826 -1.35699658057808 -0.686530973206492 -0.286814362384191
-0.910808480333589 -0.869646858256809 0.995746266981765 -0.846160835637215 -0.683035134735914 1.35699658057808 -0.535334980779595 -0.574068459338473 0.311521590108112 0.734456912168546 -0.686530973206492 -0.286814362384191
1.6113000977236 -0.869646858256809 0.229994148698632 -0.846160835637215 -0.00706490623433922 -0.734456912168546 7.52304818605185e-09 -0.284076113769621 -0.594998657505764 0.734456912168546 -0.686530973206492 -0.273930123448964
-1.24708962407455 1.14604624731518 -0.299745540127115 -0.846160835637215 -0.26055374192243 -0.734456912168546 0.865422331851573 -0.477404344148856 0.76478171391505 -1.35699658057808 -0.686530973206492 -0.273930123448964
-0.910808480333589 -0.869646858256809 -0.102896745252178 1.177855883207 -0.683035134735914 -0.734456912168546 0.6711567191509 -0.477404344148856 -1.0482587813127 -1.35699658057808 -0.686530973206492 -0.273930123448964
0.0139646649540455 1.14604624731518 -0.513084286405189 -0.846160835637215 0.161927650891055 1.35699658057808 -0.351293874010537 -0.477404344148856 0.991411775818519 -1.35699658057808 -0.686530973206492 -0.261045884513736
0.93873781024168 1.14604624731518 0.372219979550681 -0.846160835637215 -1.1055165275494 1.35699658057808 0.76317727253543 0.295908577368082 0.538151652011581 0.734456912168546 1.45172695375956 -0.248161645578509
-0.910808480333589 -0.869646858256809 -0.408991468172892 -0.846160835637215 -0.683035134735914 -0.734456912168546 0.0270128454591951 -0.67073257452809 0.991411775818519 0.734456912168546 1.45172695375956 -0.235277406643282
-0.74266790846311 -0.869646858256809 -0.46361443219578 -0.846160835637215 -0.683035134735914 -0.734456912168546 -0.463763439258295 -0.67073257452809 -0.141738533698826 0.734456912168546 1.45172695375956 -0.235277406643282
0.266175522759764 -0.869646858256809 1.05964482866892 -0.846160835637215 1.85185322214499 -0.734456912168546 -0.21837529689955 -0.380740228959238 0.084891528204643 0.734456912168546 -0.686530973206492 -0.222393167708054
1.1909486680474 1.14604624731518 0.000165451017422752 -0.846160835637215 -0.683035134735914 -0.734456912168546 -0.392191897736994 0.421571927114585 -0.594998657505764 0.734456912168546 -0.686530973206492 -0.222393167708054
-0.070105620981194 -0.869646858256809 1.73057972638402 -0.846160835637215 -0.26055374192243 1.35699658057808 -0.361518379942151 -0.477404344148856 -0.141738533698826 0.734456912168546 -0.686530973206492 -0.1966246898376
0.93873781024168 -0.869646858256809 -0.359521613963484 -0.846160835637215 0.584409043704539 1.35699658057808 -0.28994683842085 1.06922149888502 -0.368368595602295 -1.35699658057808 -0.686530973206492 -0.1966246898376
0.098034950889285 -0.869646858256809 -0.568737872390773 1.177855883207 1.85185322214499 1.35699658057808 -0.197926285036321 -0.477404344148856 0.538151652011581 0.734456912168546 -0.686530973206492 -0.170856211967145
-0.910808480333589 -0.869646858256809 -0.481135005561612 -0.846160835637215 0.584409043704539 1.35699658057808 -0.811396640933183 -0.477404344148856 -0.594998657505764 0.734456912168546 1.45172695375956 -0.157971973031918
-0.910808480333589 -0.869646858256809 1.30287161186518 1.177855883207 -0.26055374192243 -0.734456912168546 7.52304818605185e-09 -0.206744821617927 0.084891528204643 0.734456912168546 1.45172695375956 -0.14508773409669
0.350245808695003 1.14604624731518 -0.254398173768491 -0.846160835637215 -0.26055374192243 1.35699658057808 -0.28994683842085 -0.574068459338473 -0.141738533698826 -1.35699658057808 -0.686530973206492 -0.132203495161463
-0.070105620981194 1.14604624731518 -0.361582857888876 1.177855883207 -1.1055165275494 -0.734456912168546 -0.709151581617039 0.295908577368082 0.76478171391505 0.734456912168546 -0.686530973206492 -0.132203495161463
-0.74266790846311 1.14604624731518 -0.539880457435285 -0.846160835637215 -0.26055374192243 -0.734456912168546 0.139482410706953 0.00591623179923058 -0.141738533698826 -1.35699658057808 -0.686530973206492 -0.132203495161463
-0.910808480333589 -0.869646858256809 -0.342001040597652 -0.846160835637215 -1.1055165275494 -0.734456912168546 -0.0138851782672624 -0.380740228959238 -0.141738533698826 0.734456912168546 1.45172695375956 -0.132203495161463
2.03165152739979 1.14604624731518 0.338209454781713 -0.846160835637215 1.00689043651802 -0.734456912168546 -0.28994683842085 -0.0907478833903866 -0.594998657505764 0.734456912168546 -0.686530973206492 -0.119319256226236
-0.154175906916434 1.14604624731518 -0.466706298083868 -0.846160835637215 0.584409043704539 1.35699658057808 1.00856541489417 -0.284076113769621 0.538151652011581 0.734456912168546 1.45172695375956 -0.119319256226236
0.434316094630243 1.14604624731518 -0.525451749957541 -0.846160835637215 0.161927650891055 1.35699658057808 -0.21837529689955 -0.187411998580004 -0.594998657505764 0.734456912168546 -0.686530973206492 -0.119319256226236
-1.33115991000979 1.14604624731518 -0.465675676121172 -0.846160835637215 -0.26055374192243 -0.734456912168546 -0.913641700249327 -0.574068459338473 0.538151652011581 0.734456912168546 1.45172695375956 -0.119319256226236
0.182105236824524 1.14604624731518 0.000165451017422752 -0.846160835637215 0.161927650891055 -0.734456912168546 1.88787292501301 -0.477404344148856 0.084891528204643 0.734456912168546 1.45172695375956 -0.0935507783557812
-0.910808480333589 1.14604624731518 1.80581512966083 1.177855883207 -0.26055374192243 -0.734456912168546 -1.92586778747915 -0.477404344148856 1.21804183772199 -1.35699658057808 -0.686530973206492 -0.0548980615500992
-1.33115991000979 -0.869646858256809 1.917122301632 1.177855883207 -0.683035134735914 -0.734456912168546 0.722279248808972 -0.284076113769621 0.538151652011581 0.734456912168546 -0.686530973206492 -0.0162453447444172
1.6113000977236 -0.869646858256809 0.200106111780448 1.177855883207 -0.00706490623433922 1.35699658057808 -0.729600593480268 -0.0907478833903866 -0.368368595602295 -1.35699658057808 -0.686530973206492 -0.00336110580918991
-0.658597622527871 -0.869646858256809 -0.397654626583236 -0.846160835637215 1.85185322214499 -0.734456912168546 -0.443314427395066 -0.67073257452809 -0.821628719409233 0.734456912168546 1.45172695375956 0.0481758499317194
-0.154175906916434 -0.869646858256809 -0.531635481733717 1.177855883207 -1.52799792036288 -0.734456912168546 -1.97699031713722 0.972557383695403 -0.594998657505764 0.734456912168546 -0.686530973206492 0.0610600888669467
0.350245808695003 -0.869646858256809 0.000165451017422752 1.177855883207 0.161927650891055 -0.734456912168546 0.0679108691856526 -0.380740228959238 0.311521590108112 -1.35699658057808 -0.686530973206492 0.125481283543083
0.770597238371201 -0.869646858256809 0.260912807579513 -0.846160835637215 -0.26055374192243 1.35699658057808 0.425768576792156 -0.574068459338473 -0.821628719409233 -1.35699658057808 -0.686530973206492 0.18990247821922
-0.82673819439835 1.14604624731518 0.000165451017422752 1.177855883207 -0.26055374192243 -0.734456912168546 7.52304818605185e-09 0.102580346988848 -0.141738533698826 0.734456912168546 1.45172695375956 0.18990247821922
-0.74266790846311 -0.869646858256809 3.48779017278071 -0.846160835637215 0.161927650891055 -0.734456912168546 0.630258695424443 -0.477404344148856 0.76478171391505 0.734456912168546 1.45172695375956 0.202786717154447
0.770597238371201 1.14604624731518 -0.423420175650636 -0.846160835637215 1.85185322214499 1.35699658057808 -0.893192688386098 -0.284076113769621 1.89793202343239 0.734456912168546 1.45172695375956 0.202786717154447
-0.910808480333589 1.14604624731518 -0.481135005561612 -0.846160835637215 -1.52799792036288 -0.734456912168546 -0.760274111275111 -0.574068459338473 0.538151652011581 0.734456912168546 -0.686530973206492 0.202786717154447
0.350245808695003 -0.869646858256809 -0.395593382657844 1.177855883207 -0.26055374192243 1.35699658057808 0.180380434433411 -0.477404344148856 0.084891528204643 0.734456912168546 1.45172695375956 0.202786717154447
-0.070105620981194 1.14604624731518 -0.501747444815533 -0.846160835637215 1.85185322214499 -0.734456912168546 0.752952766603815 -0.380740228959238 0.311521590108112 0.734456912168546 1.45172695375956 0.202786717154447
0.686526952435962 -0.869646858256809 0.862796033793981 -0.846160835637215 0.161927650891055 -0.734456912168546 -1.61913260953072 -0.380740228959238 -0.368368595602295 0.734456912168546 1.45172695375956 0.215670956089675
-0.994878766268829 1.14604624731518 -0.528543615845629 -0.846160835637215 1.00689043651802 -0.734456912168546 -1.34307094937713 -0.380740228959238 0.76478171391505 -1.35699658057808 -0.686530973206492 0.215670956089675
0.182105236824524 1.14604624731518 -0.47392065182274 1.177855883207 1.85185322214499 -0.734456912168546 0.0372373513908095 -0.187411998580004 1.89793202343239 0.734456912168546 -0.686530973206492 0.215670956089675
-0.490457050657392 -0.869646858256809 0.260912807579513 -0.846160835637215 0.161927650891055 -0.734456912168546 0.159931422570182 -0.67073257452809 0.76478171391505 0.734456912168546 1.45172695375956 0.215670956089675
-1.75151133968598 -0.869646858256809 -0.107019233102962 1.177855883207 -0.683035134735914 -0.734456912168546 0.405319564928927 -0.477404344148856 -0.141738533698826 0.734456912168546 -0.686530973206492 0.228555195024902
-0.154175906916434 1.14604624731518 -0.418267065837156 1.177855883207 -1.1055165275494 -0.734456912168546 -0.433089921463451 -0.380740228959238 -0.141738533698826 0.734456912168546 1.45172695375956 0.254323672895357
0.350245808695003 -0.869646858256809 -0.192560856006731 1.177855883207 -1.1055165275494 -0.734456912168546 0.0167883395275807 -0.187411998580004 -0.141738533698826 0.734456912168546 1.45172695375956 0.305860628636266
1.1909486680474 -0.869646858256809 -0.497624956964749 -0.846160835637215 -0.00706490623433922 1.35699658057808 -0.402416403668608 1.06922149888502 -0.594998657505764 0.734456912168546 -0.686530973206492 0.408934540118084
-0.238246192851673 1.14604624731518 -0.450216346680732 -0.846160835637215 -1.1055165275494 -0.734456912168546 -0.45353893332668 -0.187411998580004 0.084891528204643 0.734456912168546 1.45172695375956 0.512008451599903
-0.0140307402623892 1.14604624731518 -0.492471847151269 1.177855883207 -0.683035134735914 -0.734456912168546 1.28462707504776 0.102580346988848 -0.141738533698826 0.734456912168546 -0.686530973206492 0.52489269053513
-0.910808480333589 -0.869646858256809 0.000165451017422752 -0.846160835637215 1.00689043651802 -0.734456912168546 -1.12835632481323 -0.767396689717707 -0.594998657505764 -1.35699658057808 -0.686530973206492 0.537776929470358
-0.070105620981194 -0.869646858256809 1.35440270999998 1.177855883207 -1.1055165275494 -0.734456912168546 1.03923893268902 0.682565038126552 1.67130196152893 -1.35699658057808 -0.686530973206492 0.537776929470358
-0.0140307402623892 1.14604624731518 -0.444032614904556 1.177855883207 0.161927650891055 1.35699658057808 -0.637580040095739 -0.380740228959238 -0.141738533698826 -1.35699658057808 -0.686530973206492 0.537776929470358
-1.75151133968598 -0.869646858256809 -0.348184772373828 -0.846160835637215 0.584409043704539 1.35699658057808 0.119033398843724 -0.477404344148856 0.76478171391505 -1.35699658057808 -0.686530973206492 0.563545407340812
1.6113000977236 -0.869646858256809 0.000165451017422752 1.177855883207 -0.26055374192243 -0.734456912168546 0.885871343714802 0.682565038126552 -0.594998657505764 0.734456912168546 -0.686530973206492 0.563545407340812
0.266175522759764 1.14604624731518 -0.535757969584501 -0.846160835637215 1.85185322214499 -0.734456912168546 0.466666600518613 0.102580346988848 -0.368368595602295 -1.35699658057808 -0.686530973206492 0.563545407340812
-0.910808480333589 1.14604624731518 -0.474951273785436 1.177855883207 0.161927650891055 -0.734456912168546 -0.0343341901304911 -0.67073257452809 -1.50151890511964 0.734456912168546 -0.686530973206492 0.57642964627604
1.02280809617692 1.14604624731518 -0.361582857888876 1.177855883207 -0.683035134735914 -0.734456912168546 -1.05678478329193 -0.206744821617927 1.21804183772199 0.734456912168546 1.45172695375956 0.640850840952176
-1.33115991000979 -0.869646858256809 0.000165451017422752 -0.846160835637215 -1.52799792036288 1.35699658057808 -1.40441798496682 0.199244462178465 -0.368368595602295 0.734456912168546 -0.686530973206492 0.640850840952176
1.35908923991788 1.14604624731518 -0.168856550864722 -0.846160835637215 0.584409043704539 -0.734456912168546 -0.412640909600223 0.3925726925577 1.89793202343239 0.734456912168546 -0.686530973206492 0.640850840952176
-1.33115991000979 -0.869646858256809 0.000165451017422752 1.177855883207 -0.00706490623433922 1.35699658057808 7.52304818605185e-09 -0.206744821617927 0.084891528204643 -1.35699658057808 -0.686530973206492 0.705272035628313
0.350245808695003 -0.869646858256809 -0.42754266350142 -0.846160835637215 -0.683035134735914 -0.734456912168546 -0.0445586960621055 -0.574068459338473 0.311521590108112 -1.35699658057808 -0.686530973206492 0.71815627456354
-0.910808480333589 1.14604624731518 0.000165451017422752 1.177855883207 -1.52799792036288 1.35699658057808 0.159931422570182 -0.380740228959238 -0.594998657505764 -1.35699658057808 -0.686530973206492 0.71815627456354
-0.070105620981194 -0.869646858256809 0.648426665553211 1.177855883207 -0.26055374192243 -0.734456912168546 7.52304818605185e-09 0.3925726925577 -5.35422995747861 0.734456912168546 1.45172695375956 0.71815627456354
0.182105236824524 1.14604624731518 1.22145247681219 -0.846160835637215 0.584409043704539 -0.734456912168546 -1.94631679934238 -0.67073257452809 0.084891528204643 0.734456912168546 -0.686530973206492 0.71815627456354
-1.33115991000979 -0.869646858256809 -0.282224966761283 1.177855883207 1.85185322214499 1.35699658057808 1.16193300386839 -0.380740228959238 -0.141738533698826 0.734456912168546 -0.686530973206492 0.71815627456354
0.770597238371201 -0.869646858256809 -0.499686200890141 -0.846160835637215 1.85185322214499 1.35699658057808 -0.443314427395066 -0.477404344148856 0.311521590108112 0.734456912168546 -0.686530973206492 0.71815627456354
-0.070105620981194 -0.869646858256809 -0.538849835472589 -0.846160835637215 -1.1055165275494 1.35699658057808 -0.525110474847981 2.03586265078119 -0.141738533698826 0.734456912168546 1.45172695375956 0.731040513498767
1.44315952585312 1.14604624731518 -0.533696725659109 -0.846160835637215 0.161927650891055 -0.734456912168546 0.139482410706953 -0.67073257452809 0.084891528204643 0.734456912168546 1.45172695375956 0.731040513498767
-0.910808480333589 1.14604624731518 -0.42754266350142 1.177855883207 0.584409043704539 -0.734456912168546 1.00856541489417 -0.380740228959238 -0.141738533698826 -1.35699658057808 -0.686530973206492 0.731040513498767
-1.75151133968598 1.14604624731518 -0.495563713039357 -0.846160835637215 0.161927650891055 -0.734456912168546 -0.38196739180538 -0.574068459338473 0.991411775818519 -1.35699658057808 -0.686530973206492 0.731040513498767
2.03165152739979 -0.869646858256809 -0.3811646751801 -0.846160835637215 -0.00706490623433922 -0.734456912168546 -0.790947629069954 -0.477404344148856 -0.141738533698826 0.734456912168546 -0.686530973206492 0.731040513498767
-0.070105620981194 1.14604624731518 1.75119216563794 1.177855883207 0.161927650891055 -0.734456912168546 0.200829446296639 -0.380740228959238 0.991411775818519 -1.35699658057808 -0.686530973206492 0.731040513498767
-0.994878766268829 -0.869646858256809 0.402108016468865 1.177855883207 -0.26055374192243 1.35699658057808 0.0474618573224239 -0.574068459338473 -1.50151890511964 -1.35699658057808 -0.686530973206492 0.731040513498767
0.770597238371201 -0.869646858256809 -0.3811646751801 1.177855883207 -1.78148675605097 1.35699658057808 1.28462707504776 -0.380740228959238 -0.141738533698826 0.734456912168546 1.45172695375956 0.743924752433995
-0.910808480333589 -0.869646858256809 0.000165451017422752 -0.846160835637215 2.02084577927039 1.35699658057808 -1.18970336040291 -0.574068459338473 0.76478171391505 0.734456912168546 1.45172695375956 0.795461708174904
1.44315952585312 -0.869646858256809 -0.368797211627748 -0.846160835637215 1.00689043651802 -0.734456912168546 2.22528162075628 0.00591623179923058 0.311521590108112 0.734456912168546 1.45172695375956 0.795461708174904
-1.07894905220407 1.14604624731518 -0.464645054158476 1.177855883207 -0.683035134735914 1.35699658057808 -0.197926285036321 0.199244462178465 -1.50151890511964 -1.35699658057808 -0.686530973206492 0.808345947110131
0.350245808695003 1.14604624731518 -0.460522566307692 -0.846160835637215 -0.26055374192243 1.35699658057808 0.27240098781794 -0.574068459338473 -0.594998657505764 0.734456912168546 -0.686530973206492 0.821230186045359
1.02280809617692 -0.869646858256809 0.000165451017422752 -0.846160835637215 -0.26055374192243 1.35699658057808 -0.61713102823251 -0.0907478833903866 -0.594998657505764 0.734456912168546 -0.686530973206492 0.834114424980586
0.770597238371201 -0.869646858256809 0.639151067888947 -0.846160835637215 1.00689043651802 1.35699658057808 0.967667391167717 -0.477404344148856 0.991411775818519 -1.35699658057808 -0.686530973206492 0.846998663915813
-0.574527336592631 1.14604624731518 -0.159580953200458 -0.846160835637215 2.69681600777196 1.35699658057808 -1.14880533667646 7.35238898621014 0.084891528204643 -1.35699658057808 -0.686530973206492 0.846998663915813
0.602456666500722 1.14604624731518 0.45260849264097 1.177855883207 -0.26055374192243 -0.734456912168546 0.078135375117267 -0.284076113769621 -0.594998657505764 0.734456912168546 -0.686530973206492 0.859882902851041
-0.490457050657392 -0.869646858256809 0.000165451017422752 1.177855883207 -0.26055374192243 1.35699658057808 1.1005859682787 -0.67073257452809 0.76478171391505 -1.35699658057808 -0.686530973206492 0.859882902851041
1.02280809617692 -0.869646858256809 0.000165451017422752 -0.846160835637215 -1.52799792036288 -0.734456912168546 7.52304818605185e-09 0.421571927114585 -0.594998657505764 0.734456912168546 -0.686530973206492 0.872767141786268
0.350245808695003 -0.869646858256809 -0.478043139673524 -0.846160835637215 1.00689043651802 -0.734456912168546 -0.709151581617039 -0.284076113769621 1.89793202343239 0.734456912168546 1.45172695375956 0.898535619656723
-1.58337076781551 1.14604624731518 -0.511023042479797 -0.846160835637215 -0.26055374192243 -0.734456912168546 1.03923893268902 -0.284076113769621 0.538151652011581 0.734456912168546 1.45172695375956 0.91141985859195
-1.16301933813931 -0.869646858256809 0.000165451017422752 -0.846160835637215 -1.1055165275494 -0.734456912168546 -1.36351996124036 -0.574068459338473 -0.594998657505764 0.734456912168546 -0.686530973206492 0.91141985859195
-0.238246192851673 -0.869646858256809 0.000165451017422752 1.177855883207 -1.1055165275494 -0.734456912168546 2.46044525718342 -0.380740228959238 0.311521590108112 0.734456912168546 -0.686530973206492 0.962956814332859
1.1909486680474 -0.869646858256809 0.0960132935481514 1.177855883207 1.85185322214499 -0.734456912168546 0.0167883395275807 0.00591623179923058 -2.63466921463698 -1.35699658057808 -0.686530973206492 0.962956814332859
-0.238246192851673 1.14604624731518 -0.540911079397981 -0.846160835637215 -1.1055165275494 -0.734456912168546 -0.760274111275111 -0.0907478833903866 -1.0482587813127 0.734456912168546 1.45172695375956 0.962956814332859
-0.490457050657392 1.14604624731518 2.27990123250099 -0.846160835637215 -0.26055374192243 1.35699658057808 -1.2510503959926 -0.380740228959238 0.76478171391505 0.734456912168546 -0.686530973206492 0.975841053268086
0.350245808695003 -0.869646858256809 -0.541941701360677 -0.846160835637215 -1.1055165275494 -0.734456912168546 -0.269497826557622 3.48582437862545 -1.50151890511964 -1.35699658057808 -0.686530973206492 0.988725292203314
0.93873781024168 -0.869646858256809 -0.382195297142796 -0.846160835637215 -1.1055165275494 -0.734456912168546 0.10880889291211 -0.187411998580004 -0.594998657505764 -1.35699658057808 -0.686530973206492 0.988725292203314
-0.070105620981194 -0.869646858256809 -0.428573285464116 -0.846160835637215 -0.683035134735914 -0.734456912168546 -2.05878636459014 0.295908577368082 -2.18140909083005 -1.35699658057808 -0.686530973206492 0.988725292203314
0.770597238371201 -0.869646858256809 -0.503808688740925 -0.846160835637215 -0.26055374192243 -0.734456912168546 -0.801172135001569 -0.284076113769621 -0.594998657505764 0.734456912168546 1.45172695375956 1.00160953113854
-1.75151133968598 1.14604624731518 -0.466706298083868 -0.846160835637215 -0.26055374192243 -0.734456912168546 -0.0854567197885629 -0.477404344148856 0.084891528204643 0.734456912168546 -0.686530973206492 1.01449377007377
-0.658597622527871 1.14604624731518 0.128993196354424 -0.846160835637215 -0.00706490623433922 -0.734456912168546 0.681381225082515 0.00591623179923058 0.084891528204643 0.734456912168546 1.45172695375956 1.01449377007377
-0.658597622527871 1.14604624731518 0.000165451017422752 -0.846160835637215 0.584409043704539 -0.734456912168546 0.425768576792156 -0.284076113769621 0.084891528204643 0.734456912168546 1.45172695375956 1.01449377007377
1.35908923991788 1.14604624731518 -0.487318737337789 -0.846160835637215 1.00689043651802 1.35699658057808 1.45844367588521 -0.284076113769621 0.084891528204643 0.734456912168546 -0.686530973206492 1.01449377007377
1.1909486680474 -0.869646858256809 -0.477012517710828 -0.846160835637215 1.00689043651802 1.35699658057808 -0.157028261309864 -0.284076113769621 2.5778222091428 0.734456912168546 -0.686530973206492 1.01449377007377
0.770597238371201 -0.869646858256809 -0.36055223592618 -0.846160835637215 -0.683035134735914 -0.734456912168546 -0.923866206180941 -0.187411998580004 -1.0482587813127 0.734456912168546 -0.686530973206492 1.027378009009
0.350245808695003 1.14604624731518 0.142391281869472 1.177855883207 0.161927650891055 -0.734456912168546 -0.0650077079253342 -0.380740228959238 -0.141738533698826 -1.35699658057808 -0.686530973206492 1.027378009009
-0.490457050657392 1.14604624731518 -0.414144577986372 -0.846160835637215 0.584409043704539 -0.734456912168546 7.52304818605185e-09 -0.206744821617927 0.084891528204643 0.734456912168546 1.45172695375956 1.04026224794422
0.770597238371201 -0.869646858256809 -0.516176152293277 1.177855883207 -0.26055374192243 1.35699658057808 2.75695592920023 -0.0907478833903866 0.538151652011581 -1.35699658057808 -0.686530973206492 1.05314648687945
0.350245808695003 -0.869646858256809 0.000165451017422752 1.177855883207 -0.683035134735914 -0.734456912168546 -0.146803755378249 -0.0907478833903866 -0.141738533698826 0.734456912168546 1.45172695375956 1.05314648687945
-1.75151133968598 -0.869646858256809 -0.506900554629013 -0.846160835637215 -0.26055374192243 -0.734456912168546 -0.0854567197885629 -0.284076113769621 -0.141738533698826 0.734456912168546 1.45172695375956 1.05314648687945
1.02280809617692 1.14604624731518 0.621630494523115 -0.846160835637215 0.161927650891055 1.35699658057808 -0.443314427395066 -0.477404344148856 0.991411775818519 -1.35699658057808 -0.686530973206492 1.06603072581468
-0.574527336592631 -0.869646858256809 0.000165451017422752 1.177855883207 -0.00706490623433922 -0.734456912168546 0.00656383359596638 0.3925726925577 -0.594998657505764 0.734456912168546 -0.686530973206492 1.06603072581468
0.0139646649540455 1.14604624731518 -0.517206774255973 1.177855883207 -0.00706490623433922 -0.734456912168546 0.190604940365025 0.00591623179923058 0.084891528204643 0.734456912168546 -0.686530973206492 1.06603072581468
-0.490457050657392 -0.869646858256809 1.47910796748619 -0.846160835637215 -1.1055165275494 -0.734456912168546 0.517789130176685 -0.284076113769621 0.311521590108112 0.734456912168546 -0.686530973206492 1.07891496474991
0.266175522759764 -0.869646858256809 -0.452277590606124 -0.846160835637215 -1.1055165275494 -0.734456912168546 -0.177477273173092 0.972557383695403 -0.368368595602295 0.734456912168546 -0.686530973206492 1.07891496474991
-1.75151133968598 -0.869646858256809 0.043451573450655 -0.846160835637215 -0.26055374192243 -0.734456912168546 0.384870553065698 -0.380740228959238 1.21804183772199 0.734456912168546 1.45172695375956 1.07891496474991
-0.658597622527871 -0.869646858256809 -0.38631778499358 1.177855883207 0.161927650891055 -0.734456912168546 -0.412640909600223 -0.187411998580004 -1.50151890511964 -1.35699658057808 -0.686530973206492 1.07891496474991
-0.910808480333589 -0.869646858256809 1.99957205864768 -0.846160835637215 -0.683035134735914 1.35699658057808 1.43799466402198 -0.864060804907325 0.538151652011581 -1.35699658057808 -0.686530973206492 1.07891496474991
-0.490457050657392 -0.869646858256809 -0.0101407686095373 1.177855883207 -0.26055374192243 -0.734456912168546 -0.330844862147308 -0.574068459338473 1.44467189962546 -1.35699658057808 -0.686530973206492 1.09179920368513
-0.910808480333589 -0.869646858256809 -0.347154150411132 -0.846160835637215 0.584409043704539 1.35699658057808 0.10880889291211 -0.380740228959238 -0.821628719409233 0.734456912168546 -0.686530973206492 1.09179920368513
0.770597238371201 -0.869646858256809 -0.508961798554405 1.177855883207 -0.26055374192243 1.35699658057808 -0.279722332489236 -0.187411998580004 -1.0482587813127 -1.35699658057808 -0.686530973206492 1.09179920368513
-0.658597622527871 1.14604624731518 -0.139999135909234 -0.846160835637215 1.85185322214499 1.35699658057808 7.52304818605185e-09 -0.380740228959238 0.538151652011581 0.734456912168546 -0.686530973206492 1.09179920368513
-0.74266790846311 1.14604624731518 -0.402807736396716 1.177855883207 -0.683035134735914 1.35699658057808 0.722279248808972 -0.380740228959238 1.21804183772199 0.734456912168546 1.45172695375956 1.10468344262036
0.350245808695003 -0.869646858256809 -0.263673771432755 -0.846160835637215 -0.00706490623433922 -0.734456912168546 0.313299011544397 0.295908577368082 0.538151652011581 -1.35699658057808 -0.686530973206492 1.15622039836127
-0.238246192851673 -0.869646858256809 -0.46361443219578 1.177855883207 -0.00706490623433922 1.35699658057808 -0.105905731651792 -0.380740228959238 0.538151652011581 0.734456912168546 -0.686530973206492 1.28506278771354
-1.33115991000979 1.14604624731518 -0.531635481733717 1.177855883207 -1.1055165275494 -0.734456912168546 -0.310395850284079 -0.574068459338473 -0.368368595602295 0.734456912168546 -0.686530973206492 1.28506278771354
-0.658597622527871 -0.869646858256809 -0.541941701360677 -0.846160835637215 1.00689043651802 -0.734456912168546 0.456442094586999 -0.67073257452809 -0.368368595602295 0.734456912168546 1.45172695375956 1.29794702664877
-0.490457050657392 -0.869646858256809 -0.531635481733717 -0.846160835637215 0.161927650891055 -0.734456912168546 -0.61713102823251 -0.380740228959238 0.311521590108112 0.734456912168546 -0.686530973206492 1.32371550451922
0.098034950889285 1.14604624731518 0.0754008542942313 -0.846160835637215 0.161927650891055 -0.734456912168546 0.200829446296639 -0.67073257452809 -0.821628719409233 -1.35699658057808 -0.686530973206492 1.32371550451922
0.350245808695003 1.14604624731518 -0.333756064896084 1.177855883207 -1.1055165275494 -0.734456912168546 -0.668253557890582 0.00591623179923058 -1.72814896702311 0.734456912168546 -0.686530973206492 1.34948398238968
0.602456666500722 1.14604624731518 -0.43784888312838 1.177855883207 1.85185322214499 -0.734456912168546 -0.566008498574438 -0.380740228959238 0.76478171391505 -1.35699658057808 -0.686530973206492 1.37525246026013
0.0139646649540455 -0.869646858256809 0.000165451017422752 1.177855883207 -0.00706490623433922 -0.734456912168546 -1.18970336040291 -0.187411998580004 0.991411775818519 0.734456912168546 -0.686530973206492 1.37525246026013
-0.910808480333589 1.14604624731518 -0.292531186388243 -0.846160835637215 -0.26055374192243 -0.734456912168546 1.00856541489417 -0.477404344148856 0.76478171391505 0.734456912168546 1.45172695375956 1.41390517706582
-0.490457050657392 -0.869646858256809 0.636059202000859 -0.846160835637215 -1.52799792036288 -0.734456912168546 7.52304818605185e-09 0.421571927114585 -0.594998657505764 0.734456912168546 1.45172695375956 1.42678941600104
-0.406386764722152 1.14604624731518 -0.460522566307692 1.177855883207 -0.00706490623433922 -0.734456912168546 -1.33284644344552 0.295908577368082 0.76478171391505 0.734456912168546 -0.686530973206492 1.46544213280672
-1.33115991000979 -0.869646858256809 0.000165451017422752 1.177855883207 -0.00706490623433922 -0.734456912168546 0.395095058997312 -0.477404344148856 0.76478171391505 -1.35699658057808 -0.686530973206492 1.46544213280672
-1.75151133968598 -0.869646858256809 0.000165451017422752 1.177855883207 -0.26055374192243 -0.734456912168546 -0.422865415531837 -0.380740228959238 -1.0482587813127 0.734456912168546 -0.686530973206492 1.46544213280672
-1.41523019594503 -0.869646858256809 0.000165451017422752 1.177855883207 -0.683035134735914 1.35699658057808 7.52304818605185e-09 0.199244462178465 -1.50151890511964 0.734456912168546 1.45172695375956 1.46544213280672
-0.82673819439835 -0.869646858256809 0.000165451017422752 1.177855883207 0.161927650891055 -0.734456912168546 -0.433089921463451 -0.477404344148856 -0.594998657505764 -1.35699658057808 -0.686530973206492 1.46544213280672
0.518386380565483 -0.869646858256809 -0.380134053217404 -0.846160835637215 -0.00706490623433922 -0.734456912168546 -0.494436957053138 -0.187411998580004 -0.821628719409233 -1.35699658057808 -0.686530973206492 1.47832637174195
-1.58337076781551 -0.869646858256809 -0.533696725659109 -0.846160835637215 0.161927650891055 -0.734456912168546 -0.760274111275111 -0.67073257452809 0.76478171391505 0.734456912168546 -0.686530973206492 1.47832637174195
-0.070105620981194 1.14604624731518 -0.334786686858779 1.177855883207 -0.683035134735914 -0.734456912168546 -1.15902984260807 -0.380740228959238 0.084891528204643 0.734456912168546 1.45172695375956 1.47832637174195
-1.33115991000979 -0.869646858256809 0.000165451017422752 -0.846160835637215 -0.00706490623433922 1.35699658057808 1.62203577079104 -0.574068459338473 0.084891528204643 -1.35699658057808 -0.686530973206492 1.47832637174195
0.770597238371201 -0.869646858256809 0.037267841674479 -0.846160835637215 -0.26055374192243 -0.734456912168546 0.650707707287672 -0.284076113769621 1.21804183772199 -1.35699658057808 -0.686530973206492 1.47832637174195
0.770597238371201 -0.869646858256809 0.000165451017422752 1.177855883207 -0.00706490623433922 -0.734456912168546 -2.43607063346671 -0.284076113769621 0.76478171391505 0.734456912168546 -0.686530973206492 1.49121061067718
-0.910808480333589 1.14604624731518 0.48352715152185 1.177855883207 -0.683035134735914 -0.734456912168546 -0.320620356215693 -0.67073257452809 -0.141738533698826 -1.35699658057808 -0.686530973206492 1.49121061067718
-0.490457050657392 -0.869646858256809 -0.513084286405189 1.177855883207 -0.00706490623433922 -0.734456912168546 1.91854644280785 -0.0907478833903866 -0.141738533698826 -1.35699658057808 -0.686530973206492 1.49121061067718
0.770597238371201 -0.869646858256809 2.17786965819409 1.177855883207 0.161927650891055 -0.734456912168546 -0.228599802831164 -0.380740228959238 0.084891528204643 0.734456912168546 -0.686530973206492 1.50409484961241
0.770597238371201 -0.869646858256809 0.000165451017422752 -0.846160835637215 0.161927650891055 -0.734456912168546 -2.17125592983789 1.26254972926426 -0.141738533698826 0.734456912168546 1.45172695375956 1.54274756641809
-1.58337076781551 -0.869646858256809 -0.533696725659109 -0.846160835637215 -0.683035134735914 -0.734456912168546 -0.494436957053138 2.32585499635004 -1.95477902892658 0.734456912168546 1.45172695375956 1.54274756641809
0.350245808695003 -0.869646858256809 1.14003334175921 -0.846160835637215 -0.00706490623433922 -0.734456912168546 7.52304818605185e-09 -0.284076113769621 0.311521590108112 0.734456912168546 1.45172695375956 1.54274756641809
-0.910808480333589 1.14604624731518 -0.544002945286069 -0.846160835637215 0.161927650891055 -0.734456912168546 0.159931422570182 -0.574068459338473 0.991411775818519 0.734456912168546 -0.686530973206492 1.54274756641809
-0.490457050657392 1.14604624731518 -0.424450797613332 1.177855883207 0.161927650891055 -0.734456912168546 0.742728260672201 -0.187411998580004 -0.368368595602295 0.734456912168546 -0.686530973206492 1.54274756641809
-0.070105620981194 -0.869646858256809 -0.338909174709563 -0.846160835637215 -0.26055374192243 -0.734456912168546 0.159931422570182 0.295908577368082 0.76478171391505 0.734456912168546 -0.686530973206492 1.54274756641809
-1.33115991000979 -0.869646858256809 0.000165451017422752 1.177855883207 1.42937182933151 -0.734456912168546 2.85920098851638 -0.380740228959238 -1.0482587813127 -1.35699658057808 -0.686530973206492 1.54274756641809
0.350245808695003 -0.869646858256809 0.319658259453185 1.177855883207 -0.26055374192243 -0.734456912168546 7.52304818605185e-09 -0.284076113769621 1.21804183772199 -1.35699658057808 -0.686530973206492 1.62005300002945
2.45200295707599 1.14604624731518 -0.252336929843099 -0.846160835637215 -0.00706490623433922 -0.734456912168546 1.29485158097938 -0.477404344148856 1.67130196152893 -1.35699658057808 -0.686530973206492 1.62005300002945
-1.33115991000979 -0.869646858256809 0.034175975786391 1.177855883207 1.42937182933151 -0.734456912168546 -0.422865415531837 -0.574068459338473 0.991411775818519 -1.35699658057808 -0.686530973206492 1.63293723896468
-0.070105620981194 -0.869646858256809 -0.269857503208931 -0.846160835637215 -0.26055374192243 -0.734456912168546 -1.33284644344552 0.00591623179923058 0.538151652011581 0.734456912168546 -0.686530973206492 1.64582147789991
-0.74266790846311 -0.869646858256809 -0.403838358359412 1.177855883207 -0.00706490623433922 -0.734456912168546 1.21305553352646 -0.380740228959238 0.76478171391505 0.734456912168546 1.45172695375956 1.64582147789991
0.182105236824524 1.14604624731518 -0.493502469113965 1.177855883207 -0.26055374192243 -0.734456912168546 -0.862519170591255 -0.477404344148856 -0.141738533698826 0.734456912168546 1.45172695375956 1.80043234512263
0.098034950889285 -0.869646858256809 -0.536788591547197 1.177855883207 -0.00706490623433922 1.35699658057808 -1.10790731295 -0.284076113769621 1.44467189962546 0.734456912168546 1.45172695375956 1.80043234512263
-0.490457050657392 -0.869646858256809 1.27607544083508 -0.846160835637215 -0.00706490623433922 -0.734456912168546 0.0679108691856526 -0.187411998580004 0.538151652011581 -1.35699658057808 -0.686530973206492 1.81331658405786
-1.33115991000979 -0.869646858256809 1.52342471188212 1.177855883207 1.85185322214499 -0.734456912168546 4.89387766890763 -0.574068459338473 0.311521590108112 -1.35699658057808 -0.686530973206492 1.90350625660445
-1.33115991000979 -0.869646858256809 1.88723426471381 -0.846160835637215 -0.00706490623433922 -0.734456912168546 -1.26127490192422 0.00591623179923058 0.76478171391505 0.734456912168546 1.45172695375956 1.92927473447491
-0.910808480333589 -0.869646858256809 -0.397654626583236 -0.846160835637215 0.584409043704539 -0.734456912168546 1.34597411063745 0.199244462178465 -0.141738533698826 0.734456912168546 1.45172695375956 1.99369592915104
