||        dataset |  restricciones |          score |         n_iter |           n_ls |      n_iter_ls |        time(s) |% pop collapsed ||
||           iris |    ml_0_cl_100 |         84.951 |            6.4 |          128.0 |          957.0 |          7.649 |          100.0 ||
||           iris |     ml_0_cl_50 |         83.999 |            6.0 |          120.0 |         1000.0 |          6.716 |           60.0 ||
||           iris |    ml_100_cl_0 |         86.688 |            7.0 |          140.0 |          801.6 |           5.24 |          100.0 ||
||           iris |    ml_25_cl_25 |          82.36 |            6.8 |          136.0 |         1016.2 |          6.671 |          100.0 ||
||           iris |     ml_50_cl_0 |         84.964 |            7.4 |          148.0 |         1021.4 |           5.96 |           80.0 ||
||           iris |    ml_50_cl_50 |         85.577 |            3.0 |           60.0 |          640.8 |          4.651 |          100.0 ||
||           wine |    ml_0_cl_100 |    3109961.404 |            4.4 |           88.0 |          790.8 |          6.972 |           80.0 ||
||           wine |     ml_0_cl_50 |    2761939.542 |            1.2 |           24.0 |          637.0 |          4.363 |          100.0 ||
||           wine |    ml_100_cl_0 |    4201469.548 |            9.6 |          192.0 |         1129.4 |          8.127 |           80.0 ||
||           wine |    ml_25_cl_25 |    3148745.281 |            5.8 |          116.0 |         1147.4 |          8.906 |          100.0 ||
||           wine |     ml_50_cl_0 |    3485077.386 |           11.4 |          228.0 |         1535.8 |         11.972 |           60.0 ||
||           wine |    ml_50_cl_50 |    3823771.429 |            3.8 |           76.0 |          765.8 |          6.906 |           80.0 ||
||  connectionist |    ml_0_cl_100 |         327.37 |            9.4 |          188.0 |         1373.0 |          7.971 |           40.0 ||
||  connectionist |     ml_0_cl_50 |        302.615 |            8.6 |          172.0 |         1597.4 |          7.949 |          100.0 ||
||  connectionist |    ml_100_cl_0 |        327.779 |           12.0 |          240.0 |         1879.6 |          9.974 |           20.0 ||
||  connectionist |    ml_25_cl_25 |        302.198 |           11.2 |          224.0 |         1808.6 |          9.034 |           40.0 ||
||  connectionist |     ml_50_cl_0 |        301.432 |           11.2 |          224.0 |         1961.4 |          9.414 |           20.0 ||
||  connectionist |    ml_50_cl_50 |        327.247 |           10.6 |          212.0 |         1775.4 |           9.99 |           60.0 ||
||          seeds |    ml_0_cl_100 |        628.161 |            4.4 |           88.0 |          803.2 |           8.02 |           80.0 ||
||          seeds |     ml_0_cl_50 |        608.447 |            6.8 |          136.0 |         1212.6 |         10.681 |          100.0 ||
||          seeds |    ml_100_cl_0 |        643.788 |            5.2 |          104.0 |         1003.6 |          8.212 |           80.0 ||
||          seeds |    ml_25_cl_25 |         607.86 |            6.8 |          136.0 |         1179.2 |         10.146 |          100.0 ||
||          seeds |     ml_50_cl_0 |        619.504 |            6.6 |          132.0 |         1231.2 |         10.646 |           60.0 ||
||          seeds |    ml_50_cl_50 |        637.782 |            2.4 |           48.0 |          680.6 |          6.431 |           80.0 ||
||          heart |    ml_0_cl_100 |       3339.144 |           12.0 |          240.0 |         2288.4 |         16.848 |            0.0 ||
||          heart |    ml_0_cl_150 |       3361.286 |           12.4 |          248.0 |         1929.0 |         16.391 |           20.0 ||
||          heart |    ml_100_cl_0 |       3335.621 |           13.4 |          268.0 |         2585.4 |          18.25 |            0.0 ||
||          heart |    ml_150_cl_0 |       3353.373 |           12.6 |          252.0 |         2386.0 |         18.953 |            0.0 ||
||          heart |    ml_50_cl_50 |       3337.322 |           12.2 |          244.0 |         2324.8 |         17.157 |           20.0 ||
||          heart |    ml_75_cl_75 |       3356.429 |           12.2 |          244.0 |         1941.8 |         15.865 |            0.0 ||
||      vertebral |    ml_0_cl_100 |     537228.397 |            2.4 |           48.0 |          552.8 |          3.972 |           80.0 ||
||      vertebral |    ml_0_cl_150 |     565726.405 |            0.0 |            0.0 |          374.8 |           2.73 |          100.0 ||
||      vertebral |    ml_100_cl_0 |     548801.198 |            8.8 |          176.0 |         1292.2 |          9.406 |           60.0 ||
||      vertebral |    ml_150_cl_0 |     588742.883 |            6.8 |          136.0 |         1040.2 |          8.227 |           80.0 ||
||      vertebral |    ml_50_cl_50 |     535161.339 |            2.2 |           44.0 |          583.2 |          4.198 |          100.0 ||
||      vertebral |    ml_75_cl_75 |     581543.538 |            3.2 |           64.0 |          613.6 |          5.174 |          100.0 ||
||      computers |    ml_0_cl_150 |     317640.705 |           12.6 |          252.0 |         2537.4 |         35.002 |           20.0 ||
||      computers |    ml_0_cl_250 |     324718.764 |           12.8 |          256.0 |         2199.2 |         35.533 |            0.0 ||
||      computers |  ml_125_cl_125 |     324411.328 |           12.4 |          248.0 |         2330.0 |         35.123 |           20.0 ||
||      computers |    ml_150_cl_0 |     317175.717 |           12.8 |          256.0 |         3120.0 |         39.868 |            0.0 ||
||      computers |    ml_250_cl_0 |     323038.482 |           13.6 |          272.0 |         2634.0 |         40.836 |            0.0 ||
||      computers |    ml_75_cl_75 |     317314.214 |           12.4 |          248.0 |         2529.6 |         35.847 |           20.0 ||
||movement-libras |    ml_0_cl_100 |        310.663 |           20.4 |          408.0 |         3011.0 |         165.97 |            0.0 ||
||movement-libras |    ml_0_cl_150 |        313.831 |           20.4 |          408.0 |         3018.0 |        181.713 |            0.0 ||
||movement-libras |    ml_100_cl_0 |        416.466 |           20.4 |          408.0 |         2710.0 |        130.945 |            0.0 ||
||movement-libras |    ml_150_cl_0 |        479.491 |           22.4 |          448.0 |         2711.0 |        140.004 |           20.0 ||
||movement-libras |    ml_50_cl_50 |        371.726 |           19.8 |          396.0 |         2934.6 |        153.834 |            0.0 ||
||movement-libras |    ml_75_cl_75 |        396.752 |           19.6 |          392.0 |         2847.6 |        159.571 |            0.0 ||
||       toxicity |    ml_0_cl_100 |5845976810552229.0 |            0.0 |            0.0 |          352.8 |          1.909 |          100.0 ||
||       toxicity |     ml_0_cl_50 |5371181449462844.0 |            0.0 |            0.0 |          356.0 |          1.642 |          100.0 ||
||       toxicity |    ml_100_cl_0 |3752124315694239.0 |            4.8 |           96.0 |          681.8 |          4.004 |          100.0 ||
||       toxicity |    ml_25_cl_25 |5206382849411462.0 |            7.0 |          140.0 |          737.8 |           4.36 |          100.0 ||
||       toxicity |     ml_50_cl_0 |3325353606287723.0 |            5.4 |          108.0 |          785.2 |          4.213 |          100.0 ||
||       toxicity |    ml_50_cl_50 |5754504017375858.0 |            4.8 |           96.0 |          619.2 |          3.869 |           60.0 ||
||        ECG5000 |    ml_0_cl_150 |      11667.772 |           15.6 |          312.0 |         3520.4 |         96.923 |            0.0 ||
||        ECG5000 |    ml_0_cl_250 |      11768.432 |           14.4 |          288.0 |         3209.8 |        106.759 |            0.0 ||
||        ECG5000 |  ml_125_cl_125 |      12999.633 |           15.2 |          304.0 |         2950.6 |         92.957 |            0.0 ||
||        ECG5000 |    ml_150_cl_0 |      13233.816 |           14.2 |          284.0 |         2752.6 |         75.407 |            0.0 ||
||        ECG5000 |    ml_250_cl_0 |      14067.048 |           14.6 |          292.0 |         2428.8 |         71.007 |            0.0 ||
||        ECG5000 |    ml_75_cl_75 |      12671.297 |           15.2 |          304.0 |         3243.4 |         93.269 |            0.0 ||
||          ecoli |    ml_0_cl_100 |         13.953 |           14.8 |          296.0 |         3149.4 |         90.056 |            0.0 ||
||          ecoli |    ml_0_cl_150 |         14.137 |           14.2 |          284.0 |         3028.6 |         96.016 |            0.0 ||
||          ecoli |    ml_100_cl_0 |         16.748 |           14.8 |          296.0 |         2561.2 |         66.027 |            0.0 ||
||          ecoli |    ml_150_cl_0 |         17.225 |           17.4 |          348.0 |         2369.4 |         65.934 |            0.0 ||
||          ecoli |    ml_50_cl_50 |         15.359 |           15.2 |          304.0 |         2835.4 |         76.771 |            0.0 ||
||          ecoli |    ml_75_cl_75 |         16.315 |           17.2 |          344.0 |         2966.2 |         88.155 |            0.0 ||
||          glass |    ml_0_cl_100 |         77.574 |           13.2 |          264.0 |         2004.6 |         33.733 |            0.0 ||
||          glass |     ml_0_cl_50 |         76.116 |           13.6 |          272.0 |         2092.2 |         31.121 |            0.0 ||
||          glass |    ml_100_cl_0 |        110.453 |           16.6 |          332.0 |         1996.4 |         28.284 |            0.0 ||
||          glass |    ml_25_cl_25 |         84.041 |           15.0 |          300.0 |         2284.2 |         31.631 |            0.0 ||
||          glass |     ml_50_cl_0 |         96.674 |           17.4 |          348.0 |         2405.2 |         30.276 |            0.0 ||
||          glass |    ml_50_cl_50 |         99.391 |           14.2 |          284.0 |         2153.8 |         33.686 |            0.0 ||
||         accent |    ml_0_cl_100 |      18884.919 |           13.8 |          276.0 |         3029.6 |         65.581 |            0.0 ||
||         accent |    ml_0_cl_150 |      19123.392 |           14.0 |          280.0 |         2788.4 |         68.892 |            0.0 ||
||         accent |    ml_100_cl_0 |       36350.72 |           14.8 |          296.0 |         2910.4 |         56.614 |            0.0 ||
||         accent |    ml_150_cl_0 |      41666.204 |           14.8 |          296.0 |         2753.2 |           58.5 |            0.0 ||
||         accent |    ml_50_cl_50 |      28931.026 |           16.4 |          328.0 |         3116.4 |          65.95 |            0.0 ||
||         accent |    ml_75_cl_75 |      32316.649 |           15.4 |          308.0 |         2913.4 |          65.09 |            0.0 ||
||        dataset |  restricciones |          score |         n_iter |           n_ls |      n_iter_ls |        time(s) |% pop collapsed ||
||           gene |    ml_0_cl_200 |    17802378.98 |           11.6 |          232.0 |         2045.4 |         676.13 |           40.0 ||
