||        dataset |  restricciones |          score |         n_iter |           n_ls |      n_iter_ls |        time(s) |% pop collapsed ||
||           iris |    ml_0_cl_100 |         84.951 |            6.8 |          170.0 |         1131.2 |          8.432 |          100.0 ||
||           iris |     ml_0_cl_50 |         83.999 |            6.8 |          162.0 |         1221.8 |          7.512 |           80.0 ||
||           iris |    ml_100_cl_0 |         86.688 |            7.2 |          192.0 |         1032.6 |          6.189 |          100.0 ||
||           iris |    ml_25_cl_25 |          82.36 |            6.8 |          172.0 |         1222.6 |           7.47 |          100.0 ||
||           iris |     ml_50_cl_0 |         84.964 |            7.2 |          168.0 |         1205.6 |          6.758 |           80.0 ||
||           iris |    ml_50_cl_50 |         85.577 |            3.2 |           82.0 |          776.8 |           5.35 |          100.0 ||
||           wine |    ml_0_cl_100 |    3109961.404 |            4.0 |           94.0 |          906.8 |          7.351 |           80.0 ||
||           wine |     ml_0_cl_50 |    2761939.542 |            1.2 |           30.0 |          754.2 |          4.956 |          100.0 ||
||           wine |    ml_100_cl_0 |    4201469.548 |            9.8 |          236.0 |         1367.6 |          9.363 |           60.0 ||
||           wine |    ml_25_cl_25 |    3148745.281 |            5.2 |          140.0 |         1353.8 |          9.129 |          100.0 ||
||           wine |     ml_50_cl_0 |    3485077.386 |           10.8 |          262.0 |         1791.0 |         11.536 |           60.0 ||
||           wine |    ml_50_cl_50 |    3823771.429 |            3.4 |           84.0 |          890.8 |          6.789 |           80.0 ||
||  connectionist |    ml_0_cl_100 |         327.37 |            9.2 |          220.0 |         1641.2 |          8.252 |           60.0 ||
||  connectionist |     ml_0_cl_50 |        302.615 |            8.0 |          196.0 |         1882.8 |          8.143 |          100.0 ||
||  connectionist |    ml_100_cl_0 |        327.779 |           12.2 |          288.0 |         2245.0 |         11.051 |           20.0 ||
||  connectionist |    ml_25_cl_25 |        302.198 |           11.2 |          270.0 |         2129.6 |          9.352 |          100.0 ||
||  connectionist |     ml_50_cl_0 |        301.432 |           10.6 |          258.0 |         2281.0 |          9.919 |           60.0 ||
||  connectionist |    ml_50_cl_50 |        327.247 |            9.8 |          246.0 |         2037.0 |         10.083 |           60.0 ||
||          seeds |    ml_0_cl_100 |        628.161 |            4.4 |          106.0 |          936.6 |          8.252 |           80.0 ||
||          seeds |     ml_0_cl_50 |        608.447 |            6.6 |          166.0 |         1392.4 |         10.913 |          100.0 ||
||          seeds |    ml_100_cl_0 |        643.788 |            4.8 |          122.0 |         1160.8 |          8.854 |          100.0 ||
||          seeds |    ml_25_cl_25 |         607.86 |            6.8 |          180.0 |         1427.0 |         11.115 |          100.0 ||
||          seeds |     ml_50_cl_0 |        619.504 |            6.6 |          156.0 |         1442.2 |         10.374 |           80.0 ||
||          seeds |    ml_50_cl_50 |        637.782 |            2.4 |           56.0 |          774.4 |          6.524 |           80.0 ||
||      vertebral |    ml_0_cl_100 |     537228.397 |            2.4 |           56.0 |          641.0 |          4.068 |           80.0 ||
||      vertebral |    ml_0_cl_150 |     565726.405 |            0.0 |            0.0 |          435.8 |          2.927 |          100.0 ||
||      vertebral |    ml_100_cl_0 |     548801.198 |            8.6 |          204.0 |         1362.8 |           8.97 |           80.0 ||
||      vertebral |    ml_150_cl_0 |     588742.883 |            7.0 |          164.0 |         1188.6 |          8.507 |           80.0 ||
||      vertebral |    ml_50_cl_50 |     535161.339 |            1.4 |           42.0 |          649.0 |          4.057 |          100.0 ||
||      vertebral |    ml_75_cl_75 |     581543.538 |            1.8 |           56.0 |          657.2 |          4.713 |          100.0 ||
||      computers |    ml_0_cl_150 |     317640.705 |           12.4 |          296.0 |         2882.6 |          33.62 |           60.0 ||
||      computers |    ml_0_cl_250 |     324718.764 |           12.4 |          296.0 |         2540.2 |          36.06 |           20.0 ||
||      computers |  ml_125_cl_125 |     324411.328 |           11.8 |          286.0 |         2589.4 |         33.678 |           20.0 ||
||      computers |    ml_150_cl_0 |     317175.717 |           12.4 |          306.0 |         3560.8 |         42.629 |           20.0 ||
||      computers |    ml_250_cl_0 |     323038.482 |           13.2 |          328.0 |         3042.6 |         38.652 |            0.0 ||
||      computers |    ml_75_cl_75 |     317314.214 |           12.4 |          296.0 |         2870.4 |         34.051 |           20.0 ||
||movement-libras |    ml_0_cl_100 |         310.58 |           18.0 |          520.0 |         3722.0 |        183.237 |            0.0 ||
||movement-libras |    ml_0_cl_150 |        313.827 |           18.0 |          520.0 |         3750.8 |        205.475 |            0.0 ||
||movement-libras |    ml_100_cl_0 |        416.506 |           19.2 |          568.0 |         3552.4 |        160.726 |            0.0 ||
||movement-libras |    ml_150_cl_0 |        479.309 |           19.6 |          584.0 |         3305.6 |        155.751 |            0.0 ||
||movement-libras |    ml_50_cl_50 |        371.666 |           19.2 |          568.0 |         3748.4 |        182.098 |            0.0 ||
||movement-libras |    ml_75_cl_75 |        396.817 |           20.4 |          604.0 |         3793.0 |        201.451 |            0.0 ||
||       toxicity |    ml_0_cl_100 |5845976810552229.0 |            0.0 |            0.0 |          411.8 |          2.199 |          100.0 ||
||       toxicity |     ml_0_cl_50 |5371181449462844.0 |            0.0 |            0.0 |          414.8 |          1.935 |          100.0 ||
||       toxicity |    ml_100_cl_0 |3752124315694239.0 |            5.0 |          130.0 |          850.0 |          4.834 |          100.0 ||
||       toxicity |    ml_25_cl_25 |5206382849411462.0 |            8.0 |          192.0 |          911.4 |           4.98 |          100.0 ||
||       toxicity |     ml_50_cl_0 |3325353606287723.0 |            7.6 |          184.0 |         1075.0 |           5.61 |          100.0 ||
||       toxicity |    ml_50_cl_50 |5754504017375858.0 |            4.8 |          118.0 |          735.2 |           4.25 |           80.0 ||
||        ECG5000 |    ml_0_cl_150 |      11667.772 |           15.8 |          432.0 |         4153.8 |        110.412 |            0.0 ||
||        ECG5000 |    ml_0_cl_250 |      11768.432 |           15.2 |          408.0 |         4091.4 |        123.712 |            0.0 ||
||        ECG5000 |  ml_125_cl_125 |      12999.633 |           14.2 |          368.0 |         3511.6 |        102.636 |           20.0 ||
||        ECG5000 |    ml_150_cl_0 |      13233.816 |           13.8 |          352.0 |         3493.6 |         84.412 |            0.0 ||
||        ECG5000 |    ml_250_cl_0 |      14067.048 |           13.8 |          352.0 |         2882.2 |         75.636 |            0.0 ||
||        ECG5000 |    ml_75_cl_75 |      12671.297 |           15.0 |          400.0 |         3956.6 |        103.416 |            0.0 ||
||          ecoli |    ml_0_cl_100 |         13.953 |           14.6 |          376.0 |         3752.0 |         97.002 |            0.0 ||
||          ecoli |    ml_0_cl_150 |         14.137 |           14.8 |          392.0 |         3731.8 |        109.468 |            0.0 ||
||          ecoli |    ml_100_cl_0 |         16.748 |           14.0 |          360.0 |         3029.6 |         71.799 |            0.0 ||
||          ecoli |    ml_150_cl_0 |         17.253 |           15.6 |          424.0 |         2813.2 |         72.292 |            0.0 ||
||          ecoli |    ml_50_cl_50 |         15.359 |           14.2 |          368.0 |         3254.6 |         82.918 |            0.0 ||
||          ecoli |    ml_75_cl_75 |         16.315 |           15.0 |          400.0 |         3297.0 |         91.671 |            0.0 ||
||          glass |    ml_0_cl_100 |         77.574 |           13.0 |          320.0 |         2341.8 |         35.681 |           20.0 ||
||          glass |     ml_0_cl_50 |         76.116 |           12.6 |          304.0 |         2405.2 |         31.168 |            0.0 ||
||          glass |    ml_100_cl_0 |        110.453 |           14.2 |          368.0 |         2295.8 |         29.721 |            0.0 ||
||          glass |    ml_25_cl_25 |         84.041 |           15.0 |          388.0 |         2805.6 |         35.326 |            0.0 ||
||          glass |     ml_50_cl_0 |         96.674 |           14.4 |          376.0 |         2717.4 |         32.017 |            0.0 ||
||          glass |    ml_50_cl_50 |         99.391 |           14.8 |          392.0 |         2737.2 |         39.248 |            0.0 ||
